HumanEval_0.py: 0.010807s
Mbpp_3.py: 0.000397s
HumanEval_4.py: 10.349575s
HumanEval_9.py: 0.006170s
Mbpp_12.py: 1.583475s
HumanEval_16.py: 0.004816s
Mbpp_19.py: 0.001582s
HumanEval_20.py: 28.556035s
HumanEval_31.py: 0.983589s
HumanEval_33.py: 0.002336s
HumanEval_34.py: 0.005224s
HumanEval_37.py: 0.001552s
HumanEval_49.py: 0.001884s
HumanEval_51.py: 0.345984s
HumanEval_54.py: 0.008280s
HumanEval_58.py: 60.670558s
HumanEval_59.py: 0.000008s
Mbpp_62.py: 0.021988s
HumanEval_64.py: 0.272285s
HumanEval_74.py: 0.001125s
Mbpp_75.py: 0.000478s
HumanEval_85.py: 0.022065s
HumanEval_86.py: 0.403165s
HumanEval_87.py: 0.014982s
Mbpp_88.py: 0.003577s
HumanEval_89.py: 0.685777s
HumanEval_90.py: 0.003955s
Mbpp_90.py: 0.001348s
Mbpp_94.py: 0.002524s
Mbpp_96.py: 0.039379s
Mbpp_97.py: 0.002281s
Mbpp_106.py: 0.001262s
HumanEval_113.py: 1.815151s
HumanEval_121.py: 0.010172s
Mbpp_123.py: 0.328139s
Mbpp_128.py: 0.066258s
Mbpp_129.py: 0.201274s
Mbpp_130.py: 0.003286s
Mbpp_137.py: 0.091292s
Mbpp_140.py: 0.009398s
Mbpp_141.py: 0.000677s
HumanEval_149.py: 0.039563s
Mbpp_166.py: 0.098877s
Mbpp_170.py: 0.023216s
Mbpp_226.py: 0.246688s
Mbpp_230.py: 0.037784s
Mbpp_240.py: 0.000972s
Mbpp_256.py: 2.044343s
Mbpp_265.py: 0.046099s
Mbpp_281.py: 0.000703s
Mbpp_308.py: 0.040048s
Mbpp_392.py: 0.205581s
Mbpp_395.py: 0.002634s
Mbpp_405.py: 0.000871s
Mbpp_414.py: 0.000302s
Mbpp_421.py: 0.030990s
Mbpp_424.py: 0.000729s
Mbpp_425.py: 0.002753s
Mbpp_428.py: 0.005931s
Mbpp_433.py: 0.167575s
Mbpp_446.py: 0.001218s
Mbpp_451.py: 0.001279s
Mbpp_456.py: 0.013880s
Mbpp_460.py: 0.001797s
Mbpp_474.py: 0.026890s
Mbpp_476.py: 0.029736s
Mbpp_477.py: 0.000714s
Mbpp_572.py: 0.895472s
Mbpp_578.py: 0.018204s
Mbpp_586.py: 0.000364s
Mbpp_587.py: 0.001310s
Mbpp_588.py: 0.036136s
Mbpp_592.py: 0.416817s
Mbpp_604.py: 0.012536s
Mbpp_610.py: 0.029640s
Mbpp_611.py: 0.002930s
Mbpp_631.py: 0.000319s
Mbpp_632.py: 0.001855s
Mbpp_633.py: 0.021425s
Mbpp_644.py: 0.008325s
Mbpp_720.py: 0.011406s
Mbpp_732.py: 0.000169s
Mbpp_740.py: 0.004329s
Mbpp_744.py: 0.125165s
Mbpp_750.py: 0.007783s
Mbpp_754.py: 0.002805s
Mbpp_755.py: 0.030685s
Mbpp_757.py: 48.926063s
Mbpp_758.py: 0.005056s
Mbpp_760.py: 0.000154s
Mbpp_764.py: 0.530951s
Mbpp_766.py: 0.177377s
Mbpp_775.py: 0.006301s
Mbpp_777.py: 12.535994s
Mbpp_800.py: 0.001259s
Mbpp_805.py: 0.018886s
Mbpp_808.py: 0.001400s
