HumanEval_0.py: 0.008822s
Mbpp_3.py: 0.000405s
HumanEval_4.py: 8.438986s
HumanEval_9.py: 0.005746s
Mbpp_12.py: 1.493783s
HumanEval_16.py: 0.004519s
Mbpp_19.py: 0.001269s
HumanEval_20.py: 27.690086s
HumanEval_31.py: 0.938013s
HumanEval_33.py: 0.002034s
HumanEval_34.py: 0.004054s
HumanEval_37.py: 0.001454s
HumanEval_49.py: 0.001859s
HumanEval_51.py: 0.320319s
HumanEval_54.py: 0.007870s
HumanEval_58.py: 57.124484s
HumanEval_59.py: 0.000010s
Mbpp_62.py: 0.019013s
HumanEval_64.py: 0.262293s
HumanEval_74.py: 0.000771s
Mbpp_75.py: 0.000415s
HumanEval_85.py: 0.020513s
HumanEval_86.py: 0.387421s
HumanEval_87.py: 0.013756s
Mbpp_88.py: 0.003305s
HumanEval_89.py: 0.655878s
HumanEval_90.py: 0.002332s
Mbpp_90.py: 0.000998s
Mbpp_94.py: 0.002263s
Mbpp_96.py: 0.035611s
Mbpp_97.py: 0.002167s
Mbpp_106.py: 0.000955s
HumanEval_113.py: 1.735351s
HumanEval_121.py: 0.009591s
Mbpp_123.py: 0.318815s
Mbpp_128.py: 0.061868s
Mbpp_129.py: 0.151364s
Mbpp_130.py: 0.003137s
Mbpp_137.py: 0.086162s
Mbpp_140.py: 0.008572s
Mbpp_141.py: 0.000652s
HumanEval_149.py: 0.034635s
Mbpp_166.py: 0.095363s
Mbpp_170.py: 0.018622s
Mbpp_226.py: 0.236030s
Mbpp_230.py: 0.039732s
Mbpp_240.py: 0.000764s
Mbpp_256.py: 1.981631s
Mbpp_265.py: 0.039427s
Mbpp_281.py: 0.000624s
Mbpp_308.py: 0.036582s
Mbpp_392.py: 0.198035s
Mbpp_395.py: 0.002569s
Mbpp_405.py: 0.000851s
Mbpp_414.py: 0.000221s
Mbpp_421.py: 0.028107s
Mbpp_424.py: 0.000640s
Mbpp_425.py: 0.002486s
Mbpp_428.py: 0.005711s
Mbpp_433.py: 0.143677s
Mbpp_446.py: 0.001200s
Mbpp_451.py: 0.001263s
Mbpp_456.py: 0.012287s
Mbpp_460.py: 0.002207s
Mbpp_474.py: 0.021511s
Mbpp_476.py: 0.025300s
Mbpp_477.py: 0.000719s
Mbpp_572.py: 0.869039s
Mbpp_578.py: 0.016537s
Mbpp_586.py: 0.000253s
Mbpp_587.py: 0.001119s
Mbpp_588.py: 0.026730s
Mbpp_592.py: 0.404147s
Mbpp_604.py: 0.011100s
Mbpp_610.py: 0.029031s
Mbpp_611.py: 0.003078s
Mbpp_631.py: 0.000308s
Mbpp_632.py: 0.001834s
Mbpp_633.py: 0.021855s
Mbpp_644.py: 0.007786s
Mbpp_720.py: 0.009352s
Mbpp_732.py: 0.000163s
Mbpp_740.py: 0.003992s
Mbpp_744.py: 0.128502s
Mbpp_750.py: 0.007884s
Mbpp_754.py: 0.002887s
Mbpp_755.py: 0.030823s
Mbpp_757.py: 48.620812s
Mbpp_758.py: 0.006808s
Mbpp_760.py: 0.000160s
Mbpp_764.py: 0.532201s
Mbpp_766.py: 0.193318s
Mbpp_775.py: 0.006094s
Mbpp_777.py: 12.350408s
Mbpp_800.py: 0.001227s
Mbpp_805.py: 0.018538s
Mbpp_808.py: 0.001589s
