HumanEval_0.py: 0.000417s
HumanEval_1.py: 0.000417s
HumanEval_2.py: 0.000018s
HumanEval_3.py: 0.000041s
HumanEval_4.py: 0.000250s
HumanEval_7.py: 0.000047s
HumanEval_8.py: 0.000028s
HumanEval_9.py: 0.000100s
HumanEval_10.py: 0.000075s
HumanEval_11.py: 0.000126s
HumanEval_12.py: 0.000087s
HumanEval_13.py: 0.000019s
HumanEval_14.py: 0.000064s
HumanEval_15.py: 0.000070s
HumanEval_16.py: 0.000062s
HumanEval_20.py: 0.000594s
HumanEval_21.py: 0.000123s
HumanEval_22.py: 0.000065s
HumanEval_23.py: 0.000016s
HumanEval_25.py: 0.000341s
HumanEval_27.py: 0.000026s
HumanEval_28.py: 0.000021s
HumanEval_29.py: 0.000043s
HumanEval_30.py: 0.000043s
HumanEval_31.py: 0.008995s
HumanEval_32.py: 0.282003s
HumanEval_33.py: 0.000112s
HumanEval_34.py: 0.000017s
HumanEval_35.py: 0.000015s
HumanEval_37.py: 0.000128s
HumanEval_41.py: 0.000030s
HumanEval_42.py: 0.000031s
HumanEval_44.py: 0.000121s
HumanEval_45.py: 0.000011s
HumanEval_46.py: 0.000177s
HumanEval_47.py: 0.000080s
HumanEval_48.py: 0.000028s
HumanEval_49.py: 0.000114s
HumanEval_50.py: 0.069478s
HumanEval_51.py: 0.000220s
HumanEval_52.py: 0.000030s
HumanEval_53.py: 0.005840s
HumanEval_54.py: 0.000063s
HumanEval_55.py: 0.002756s
HumanEval_56.py: 0.000131s
HumanEval_57.py: 0.000101s
HumanEval_58.py: 0.000118s
HumanEval_59.py: 0.009311s
HumanEval_60.py: 0.000052s
HumanEval_61.py: 0.000129s
HumanEval_62.py: 0.000066s
HumanEval_63.py: 0.014283s
HumanEval_66.py: 0.000390s
HumanEval_69.py: 0.000801s
HumanEval_71.py: 0.000088s
HumanEval_72.py: 0.000064s
HumanEval_74.py: 0.000119s
HumanEval_78.py: 0.000125s
HumanEval_79.py: 0.000031s
HumanEval_80.py: 0.000108s
HumanEval_81.py: 0.000125s
HumanEval_84.py: 0.000145s
HumanEval_85.py: 0.000084s
HumanEval_86.py: 0.000307s
HumanEval_87.py: 0.000528s
HumanEval_89.py: 0.000430s
HumanEval_90.py: 0.000097s
HumanEval_92.py: 0.000086s
HumanEval_93.py: 0.000673s
HumanEval_95.py: 0.000222s
HumanEval_96.py: 0.001447s
HumanEval_97.py: 0.000057s
HumanEval_98.py: 0.000059s
HumanEval_102.py: 0.000028s
HumanEval_103.py: 0.000952s
HumanEval_104.py: 0.000358s
HumanEval_111.py: 0.000308s
HumanEval_112.py: 0.000164s
HumanEval_113.py: 0.000246s
HumanEval_114.py: 0.000345s
HumanEval_116.py: 0.000556s
HumanEval_118.py: 0.000152s
HumanEval_121.py: 0.000119s
HumanEval_123.py: 0.000162s
HumanEval_125.py: 0.000198s
HumanEval_126.py: 0.000819s
HumanEval_128.py: 0.000332s
HumanEval_132.py: 0.000552s
HumanEval_133.py: 0.000293s
HumanEval_134.py: 0.000145s
HumanEval_136.py: 0.000523s
HumanEval_138.py: 0.000025s
HumanEval_144.py: 0.000214s
HumanEval_146.py: 0.000112s
HumanEval_147.py: 0.258440s
HumanEval_148.py: 0.000075s
HumanEval_149.py: 0.000244s
HumanEval_150.py: 0.005835s
HumanEval_152.py: 0.000101s
HumanEval_153.py: 0.002700s
HumanEval_155.py: 0.000119s
HumanEval_157.py: 0.000062s
HumanEval_160.py: 0.000281s
HumanEval_163.py: 0.000123s
