HumanEval_0.py: 0.193933s
Mbpp_3.py: 0.000211s
Mbpp_4.py: 0.001016s
HumanEval_4.py: 0.009933s
HumanEval_9.py: 0.003537s
Mbpp_9.py: 0.002063s
Mbpp_11.py: 0.000184s
Mbpp_12.py: 0.005207s
HumanEval_16.py: 0.004858s
Mbpp_16.py: 0.000016s
Mbpp_19.py: 0.001500s
HumanEval_20.py: 0.001865s
HumanEval_24.py: 0.511318s
HumanEval_26.py: 0.004321s
HumanEval_31.py: 0.000073s
HumanEval_33.py: 0.005283s
HumanEval_34.py: 0.005047s
HumanEval_36.py: 0.065430s
HumanEval_37.py: 0.001945s
HumanEval_49.py: 0.000004s
HumanEval_51.py: 0.049660s
HumanEval_54.py: 0.009247s
HumanEval_58.py: 0.006067s
HumanEval_59.py: 0.000028s
Mbpp_62.py: 0.023777s
HumanEval_64.py: 0.310802s
HumanEval_74.py: 0.001352s
Mbpp_75.py: 0.000408s
HumanEval_85.py: 0.053126s
HumanEval_87.py: 0.011708s
Mbpp_88.py: 0.002380s
HumanEval_89.py: 1.361325s
HumanEval_90.py: 0.002989s
Mbpp_90.py: 0.001660s
Mbpp_94.py: 0.002838s
Mbpp_96.py: 0.151245s
Mbpp_97.py: 0.001340s
Mbpp_106.py: 0.000826s
HumanEval_113.py: 1.444147s
HumanEval_119.py: 0.000635s
HumanEval_120.py: 0.000045s
Mbpp_123.py: 0.145552s
Mbpp_128.py: 0.068987s
Mbpp_129.py: 0.014611s
Mbpp_130.py: 0.001406s
Mbpp_137.py: 0.026839s
Mbpp_141.py: 0.002875s
HumanEval_149.py: 0.073207s
Mbpp_166.py: 0.000124s
Mbpp_170.py: 0.019762s
Mbpp_226.py: 0.479022s
Mbpp_230.py: 0.000307s
Mbpp_239.py: 0.049015s
Mbpp_240.py: 0.001504s
Mbpp_251.py: 0.005643s
Mbpp_256.py: 0.000581s
Mbpp_265.py: 0.040959s
Mbpp_281.py: 0.000764s
Mbpp_296.py: 0.080230s
Mbpp_392.py: 0.000164s
Mbpp_395.py: 0.003039s
Mbpp_405.py: 0.000192s
Mbpp_414.py: 0.000527s
Mbpp_421.py: 0.046859s
Mbpp_424.py: 0.000200s
Mbpp_425.py: 0.002927s
Mbpp_428.py: 0.005601s
Mbpp_433.py: 0.015555s
Mbpp_437.py: 0.478977s
Mbpp_440.py: 0.000027s
Mbpp_446.py: 0.339821s
Mbpp_451.py: 0.005364s
Mbpp_456.py: 0.012881s
Mbpp_460.py: 0.001837s
Mbpp_474.py: 0.000194s
Mbpp_476.py: 0.025327s
Mbpp_477.py: 0.000734s
Mbpp_563.py: 0.006720s
Mbpp_572.py: 0.001007s
Mbpp_578.py: 0.005956s
Mbpp_586.py: 0.000347s
Mbpp_587.py: 0.001313s
Mbpp_588.py: 0.029037s
Mbpp_597.py: 0.009164s
Mbpp_604.py: 0.015731s
Mbpp_611.py: 0.003378s
Mbpp_631.py: 0.037956s
Mbpp_633.py: 0.048533s
Mbpp_644.py: 0.008279s
Mbpp_720.py: 0.010585s
Mbpp_725.py: 0.047584s
Mbpp_740.py: 0.001884s
Mbpp_744.py: 0.138519s
Mbpp_750.py: 0.016300s
Mbpp_753.py: 0.085508s
Mbpp_755.py: 0.006051s
Mbpp_757.py: 0.004501s
Mbpp_758.py: 0.003967s
Mbpp_760.py: 0.000167s
Mbpp_764.py: 0.571565s
Mbpp_766.py: 0.133866s
Mbpp_775.py: 0.186365s
Mbpp_781.py: 5.339679s
Mbpp_800.py: 0.001219s
Mbpp_805.py: 0.005482s
Mbpp_808.py: 0.001616s
