HumanEval_0.py: 0.007096s
Mbpp_3.py: 0.000367s
HumanEval_4.py: 10.325665s
HumanEval_9.py: 0.005901s
Mbpp_12.py: 0.004759s
HumanEval_16.py: 0.006622s
Mbpp_19.py: 0.001289s
HumanEval_20.py: 26.655781s
HumanEval_31.py: 0.825100s
HumanEval_33.py: 0.002319s
HumanEval_34.py: 0.004354s
HumanEval_37.py: 0.001404s
HumanEval_49.py: 0.000003s
HumanEval_51.py: 0.327878s
HumanEval_54.py: 0.012807s
HumanEval_58.py: 51.884259s
HumanEval_59.py: 0.132942s
HumanEval_74.py: 0.000823s
Mbpp_75.py: 0.000398s
HumanEval_85.py: 0.019596s
HumanEval_86.py: 0.435398s
HumanEval_87.py: 0.013608s
Mbpp_88.py: 0.003207s
HumanEval_89.py: 0.621208s
HumanEval_90.py: 0.002477s
Mbpp_90.py: 0.001109s
Mbpp_94.py: 0.002481s
Mbpp_96.py: 0.034629s
Mbpp_97.py: 0.001982s
Mbpp_106.py: 0.001189s
HumanEval_113.py: 1.923612s
HumanEval_121.py: 0.009189s
Mbpp_123.py: 0.304812s
Mbpp_128.py: 0.075775s
Mbpp_129.py: 0.158346s
Mbpp_130.py: 0.003132s
Mbpp_137.py: 0.084548s
Mbpp_140.py: 0.008678s
Mbpp_141.py: 0.000648s
HumanEval_149.py: 0.038009s
Mbpp_166.py: 0.105208s
Mbpp_170.py: 0.027866s
Mbpp_226.py: 0.274263s
Mbpp_230.py: 0.047462s
Mbpp_240.py: 0.001200s
Mbpp_256.py: 1.815143s
Mbpp_265.py: 0.053971s
Mbpp_281.py: 0.000679s
Mbpp_308.py: 0.021245s
Mbpp_392.py: 0.194562s
Mbpp_395.py: 0.002864s
Mbpp_405.py: 0.000188s
Mbpp_414.py: 0.003015s
Mbpp_421.py: 0.032188s
Mbpp_424.py: 0.000636s
Mbpp_425.py: 0.002757s
Mbpp_428.py: 0.005200s
Mbpp_433.py: 0.151922s
Mbpp_446.py: 0.001067s
Mbpp_451.py: 0.001153s
Mbpp_456.py: 0.012752s
Mbpp_460.py: 0.001663s
Mbpp_474.py: 0.024860s
Mbpp_477.py: 0.000686s
Mbpp_572.py: 0.842801s
Mbpp_578.py: 0.016541s
Mbpp_586.py: 0.000265s
Mbpp_587.py: 0.001195s
Mbpp_588.py: 0.024928s
Mbpp_604.py: 0.014661s
Mbpp_610.py: 0.024437s
Mbpp_611.py: 0.003517s
Mbpp_631.py: 0.000387s
Mbpp_632.py: 0.001923s
Mbpp_633.py: 0.021510s
Mbpp_644.py: 0.012352s
Mbpp_720.py: 0.010637s
Mbpp_732.py: 0.000184s
Mbpp_740.py: 0.001831s
Mbpp_744.py: 0.137263s
Mbpp_750.py: 0.007313s
Mbpp_754.py: 0.002743s
Mbpp_755.py: 0.033192s
Mbpp_757.py: 58.250074s
Mbpp_758.py: 0.005311s
Mbpp_760.py: 0.000140s
Mbpp_764.py: 0.212987s
Mbpp_766.py: 0.210096s
Mbpp_775.py: 0.006321s
Mbpp_777.py: 0.003905s
Mbpp_800.py: 0.001219s
Mbpp_805.py: 0.005123s
Mbpp_808.py: 0.003826s
