HumanEval_0.py: 0.008996s
Mbpp_3.py: 0.000382s
HumanEval_4.py: 10.118392s
HumanEval_9.py: 0.005952s
Mbpp_12.py: 0.005601s
HumanEval_16.py: 0.006546s
Mbpp_19.py: 0.001396s
HumanEval_20.py: 27.033378s
HumanEval_31.py: 0.822956s
HumanEval_33.py: 0.002373s
HumanEval_34.py: 0.004957s
HumanEval_37.py: 0.001560s
HumanEval_49.py: 0.000003s
HumanEval_51.py: 0.328114s
HumanEval_54.py: 0.012848s
HumanEval_58.py: 52.991434s
HumanEval_59.py: 0.141851s
HumanEval_74.py: 0.000871s
Mbpp_75.py: 0.000507s
HumanEval_85.py: 0.020707s
HumanEval_86.py: 0.433380s
HumanEval_87.py: 0.014174s
Mbpp_88.py: 0.003288s
HumanEval_89.py: 0.638727s
HumanEval_90.py: 0.003125s
Mbpp_90.py: 0.001454s
Mbpp_94.py: 0.004953s
Mbpp_96.py: 0.061333s
Mbpp_97.py: 0.002614s
Mbpp_106.py: 0.001098s
HumanEval_113.py: 1.839609s
HumanEval_121.py: 0.009512s
Mbpp_123.py: 0.304633s
Mbpp_128.py: 0.064952s
Mbpp_129.py: 0.158604s
Mbpp_130.py: 0.003150s
Mbpp_137.py: 0.086314s
Mbpp_140.py: 0.008704s
Mbpp_141.py: 0.000648s
HumanEval_149.py: 0.038045s
Mbpp_166.py: 0.106097s
Mbpp_170.py: 0.026991s
Mbpp_226.py: 0.277583s
Mbpp_230.py: 0.047659s
Mbpp_240.py: 0.000958s
Mbpp_256.py: 1.889759s
Mbpp_265.py: 0.036363s
Mbpp_281.py: 0.000725s
Mbpp_308.py: 0.022214s
Mbpp_392.py: 0.200938s
Mbpp_395.py: 0.002878s
Mbpp_405.py: 0.000187s
Mbpp_414.py: 0.003165s
Mbpp_421.py: 0.035439s
Mbpp_424.py: 0.000634s
Mbpp_425.py: 0.002827s
Mbpp_428.py: 0.005428s
Mbpp_433.py: 0.155157s
Mbpp_446.py: 0.001063s
Mbpp_451.py: 0.001154s
Mbpp_456.py: 0.012854s
Mbpp_460.py: 0.002435s
Mbpp_474.py: 0.020489s
Mbpp_477.py: 0.000709s
Mbpp_572.py: 0.840986s
Mbpp_578.py: 0.016442s
Mbpp_586.py: 0.000270s
Mbpp_587.py: 0.001180s
Mbpp_588.py: 0.025744s
Mbpp_604.py: 0.014932s
Mbpp_610.py: 0.025741s
Mbpp_611.py: 0.003260s
Mbpp_631.py: 0.000364s
Mbpp_632.py: 0.001925s
Mbpp_633.py: 0.021458s
Mbpp_644.py: 0.007803s
Mbpp_720.py: 0.010488s
Mbpp_732.py: 0.000187s
Mbpp_740.py: 0.001959s
Mbpp_744.py: 0.138251s
Mbpp_750.py: 0.007522s
Mbpp_754.py: 0.002788s
Mbpp_755.py: 0.033877s
Mbpp_757.py: 57.689273s
Mbpp_758.py: 0.007439s
Mbpp_760.py: 0.000139s
Mbpp_764.py: 0.213334s
Mbpp_766.py: 0.215499s
Mbpp_775.py: 0.007451s
Mbpp_777.py: 0.004070s
Mbpp_800.py: 0.001217s
Mbpp_805.py: 0.005428s
Mbpp_808.py: 0.003766s
