HumanEval_0.py: 0.008826s
Mbpp_3.py: 0.000370s
HumanEval_4.py: 10.670818s
HumanEval_9.py: 0.005883s
Mbpp_12.py: 0.005190s
HumanEval_16.py: 0.006528s
Mbpp_19.py: 0.001357s
HumanEval_20.py: 26.806882s
HumanEval_31.py: 0.828718s
HumanEval_33.py: 0.002271s
HumanEval_34.py: 0.004507s
HumanEval_37.py: 0.001488s
HumanEval_49.py: 0.000003s
HumanEval_51.py: 0.330252s
HumanEval_54.py: 0.012915s
HumanEval_58.py: 55.864023s
HumanEval_59.py: 0.141827s
HumanEval_74.py: 0.000849s
Mbpp_75.py: 0.000410s
HumanEval_85.py: 0.020708s
HumanEval_86.py: 0.432671s
HumanEval_87.py: 0.013972s
Mbpp_88.py: 0.004910s
HumanEval_89.py: 0.624142s
HumanEval_90.py: 0.003180s
Mbpp_90.py: 0.001345s
Mbpp_94.py: 0.002617s
Mbpp_96.py: 0.034113s
Mbpp_97.py: 0.002117s
Mbpp_106.py: 0.001133s
HumanEval_113.py: 1.845232s
HumanEval_121.py: 0.009611s
Mbpp_123.py: 0.304262s
Mbpp_128.py: 0.071953s
Mbpp_129.py: 0.154392s
Mbpp_130.py: 0.003271s
Mbpp_137.py: 0.084809s
Mbpp_140.py: 0.008760s
Mbpp_141.py: 0.000647s
HumanEval_149.py: 0.037933s
Mbpp_166.py: 0.105409s
Mbpp_170.py: 0.030996s
Mbpp_226.py: 0.276357s
Mbpp_230.py: 0.047789s
Mbpp_240.py: 0.001220s
Mbpp_256.py: 1.818736s
Mbpp_265.py: 0.057327s
Mbpp_281.py: 0.000723s
Mbpp_308.py: 0.022571s
Mbpp_392.py: 0.194301s
Mbpp_395.py: 0.002832s
Mbpp_405.py: 0.000189s
Mbpp_414.py: 0.003048s
Mbpp_421.py: 0.030838s
Mbpp_424.py: 0.000681s
Mbpp_425.py: 0.002772s
Mbpp_428.py: 0.005301s
Mbpp_433.py: 0.159008s
Mbpp_446.py: 0.001092s
Mbpp_451.py: 0.001158s
Mbpp_456.py: 0.012881s
Mbpp_460.py: 0.001779s
Mbpp_474.py: 0.024678s
Mbpp_477.py: 0.000698s
Mbpp_572.py: 0.841197s
Mbpp_578.py: 0.016508s
Mbpp_586.py: 0.000272s
Mbpp_587.py: 0.001188s
Mbpp_588.py: 0.023552s
Mbpp_604.py: 0.014628s
Mbpp_610.py: 0.024732s
Mbpp_611.py: 0.003236s
Mbpp_631.py: 0.000366s
Mbpp_632.py: 0.001885s
Mbpp_633.py: 0.021348s
Mbpp_644.py: 0.007392s
Mbpp_720.py: 0.010309s
Mbpp_732.py: 0.000184s
Mbpp_740.py: 0.001901s
Mbpp_744.py: 0.134841s
Mbpp_750.py: 0.007229s
Mbpp_754.py: 0.002711s
Mbpp_755.py: 0.033033s
Mbpp_757.py: 57.546432s
Mbpp_758.py: 0.005129s
Mbpp_760.py: 0.000135s
Mbpp_764.py: 0.215817s
Mbpp_766.py: 0.197629s
Mbpp_775.py: 0.006184s
Mbpp_777.py: 0.003773s
Mbpp_800.py: 0.001260s
Mbpp_805.py: 0.005294s
Mbpp_808.py: 0.003788s
