HumanEval_2.py: 0.000023s
HumanEval_3.py: 0.000056s
HumanEval_5.py: 0.000066s
HumanEval_7.py: 0.000063s
HumanEval_9.py: 0.000149s
HumanEval_10.py: 0.000090s
HumanEval_11.py: 0.000151s
HumanEval_12.py: 0.000108s
HumanEval_13.py: 0.000023s
HumanEval_14.py: 0.000068s
HumanEval_15.py: 0.000087s
HumanEval_22.py: 0.000078s
HumanEval_23.py: 0.000020s
HumanEval_24.py: 0.000110s
HumanEval_27.py: 0.000488s
HumanEval_28.py: 0.000023s
HumanEval_30.py: 0.000054s
HumanEval_31.py: 0.012533s
HumanEval_34.py: 0.000024s
HumanEval_35.py: 0.000022s
HumanEval_38.py: 0.065200s
HumanEval_42.py: 0.000039s
HumanEval_45.py: 0.000014s
HumanEval_48.py: 0.000035s
HumanEval_50.py: 0.083253s
HumanEval_51.py: 0.000270s
HumanEval_52.py: 0.000145s
HumanEval_53.py: 0.007053s
HumanEval_55.py: 0.003330s
HumanEval_58.py: 0.000077s
HumanEval_60.py: 0.000057s
HumanEval_62.py: 0.000083s
HumanEval_63.py: 0.017323s
HumanEval_67.py: 0.000319s
HumanEval_76.py: 0.000123s
HumanEval_77.py: 0.000145s
HumanEval_79.py: 0.000039s
HumanEval_80.py: 0.000137s
HumanEval_92.py: 0.000105s
HumanEval_95.py: 0.000274s
HumanEval_102.py: 0.000034s
HumanEval_103.py: 0.001204s
HumanEval_109.py: 0.000172s
HumanEval_111.py: 0.000370s
HumanEval_121.py: 0.000144s
HumanEval_131.py: 0.000139s
HumanEval_138.py: 0.000035s
HumanEval_142.py: 0.000657s
HumanEval_144.py: 0.000301s
HumanEval_148.py: 0.000106s
HumanEval_149.py: 0.000333s
HumanEval_150.py: 0.008387s
HumanEval_157.py: 0.000077s
