HumanEval_2.py: 0.000024s
HumanEval_3.py: 0.000053s
HumanEval_5.py: 0.000062s
HumanEval_7.py: 0.000059s
HumanEval_9.py: 0.000141s
HumanEval_10.py: 0.000088s
HumanEval_11.py: 0.000145s
HumanEval_12.py: 0.000106s
HumanEval_13.py: 0.000024s
HumanEval_14.py: 0.000068s
HumanEval_15.py: 0.000086s
HumanEval_22.py: 0.000080s
HumanEval_23.py: 0.000020s
HumanEval_24.py: 0.000115s
HumanEval_27.py: 0.000510s
HumanEval_28.py: 0.000025s
HumanEval_30.py: 0.000056s
HumanEval_31.py: 0.012507s
HumanEval_34.py: 0.000024s
HumanEval_35.py: 0.000024s
HumanEval_38.py: 0.065284s
HumanEval_42.py: 0.000037s
HumanEval_45.py: 0.000013s
HumanEval_48.py: 0.000032s
HumanEval_50.py: 0.111923s
HumanEval_51.py: 0.000378s
HumanEval_52.py: 0.000207s
HumanEval_53.py: 0.009072s
HumanEval_55.py: 0.003978s
HumanEval_58.py: 0.000088s
HumanEval_60.py: 0.000065s
HumanEval_62.py: 0.000093s
HumanEval_63.py: 0.018185s
HumanEval_67.py: 0.000317s
HumanEval_76.py: 0.000122s
HumanEval_77.py: 0.000142s
HumanEval_79.py: 0.000037s
HumanEval_80.py: 0.000136s
HumanEval_92.py: 0.000103s
HumanEval_95.py: 0.000262s
HumanEval_102.py: 0.000033s
HumanEval_103.py: 0.001184s
HumanEval_109.py: 0.000174s
HumanEval_111.py: 0.000340s
HumanEval_121.py: 0.000139s
HumanEval_131.py: 0.000116s
HumanEval_138.py: 0.000029s
HumanEval_142.py: 0.000538s
HumanEval_144.py: 0.000241s
HumanEval_148.py: 0.000090s
HumanEval_149.py: 0.000277s
HumanEval_150.py: 0.007240s
HumanEval_157.py: 0.000072s
