HumanEval_2.py: 0.000024s
HumanEval_3.py: 0.000053s
HumanEval_5.py: 0.000061s
HumanEval_7.py: 0.000060s
HumanEval_9.py: 0.000140s
HumanEval_10.py: 0.000092s
HumanEval_11.py: 0.000148s
HumanEval_12.py: 0.000105s
HumanEval_13.py: 0.000035s
HumanEval_14.py: 0.000071s
HumanEval_15.py: 0.000088s
HumanEval_22.py: 0.000082s
HumanEval_23.py: 0.000020s
HumanEval_24.py: 0.000114s
HumanEval_27.py: 0.000503s
HumanEval_28.py: 0.000025s
HumanEval_30.py: 0.000054s
HumanEval_31.py: 0.012324s
HumanEval_34.py: 0.000024s
HumanEval_35.py: 0.000023s
HumanEval_38.py: 0.065270s
HumanEval_42.py: 0.000039s
HumanEval_45.py: 0.000013s
HumanEval_48.py: 0.000035s
HumanEval_50.py: 0.083946s
HumanEval_51.py: 0.000266s
HumanEval_52.py: 0.000149s
HumanEval_53.py: 0.007042s
HumanEval_55.py: 0.003426s
HumanEval_58.py: 0.000077s
HumanEval_60.py: 0.000056s
HumanEval_62.py: 0.000083s
HumanEval_63.py: 0.018183s
HumanEval_67.py: 0.000340s
HumanEval_76.py: 0.000132s
HumanEval_77.py: 0.000155s
HumanEval_79.py: 0.000040s
HumanEval_80.py: 0.000147s
HumanEval_92.py: 0.000108s
HumanEval_95.py: 0.000284s
HumanEval_102.py: 0.000035s
HumanEval_103.py: 0.001216s
HumanEval_109.py: 0.000181s
HumanEval_111.py: 0.000370s
HumanEval_121.py: 0.000151s
HumanEval_131.py: 0.000124s
HumanEval_138.py: 0.000031s
HumanEval_142.py: 0.000583s
HumanEval_144.py: 0.000264s
HumanEval_148.py: 0.000094s
HumanEval_149.py: 0.000307s
HumanEval_150.py: 0.008278s
HumanEval_157.py: 0.000082s
