HumanEval_2.py: 0.000022s
HumanEval_3.py: 0.000048s
HumanEval_5.py: 0.000057s
HumanEval_7.py: 0.000052s
HumanEval_9.py: 0.000131s
HumanEval_10.py: 0.000084s
HumanEval_11.py: 0.000143s
HumanEval_12.py: 0.000095s
HumanEval_13.py: 0.000021s
HumanEval_14.py: 0.000063s
HumanEval_15.py: 0.000075s
HumanEval_22.py: 0.000067s
HumanEval_23.py: 0.000018s
HumanEval_24.py: 0.000103s
HumanEval_27.py: 0.000451s
HumanEval_28.py: 0.000022s
HumanEval_30.py: 0.000047s
HumanEval_31.py: 0.012944s
HumanEval_34.py: 0.000030s
HumanEval_35.py: 0.000029s
HumanEval_38.py: 0.071141s
HumanEval_42.py: 0.000041s
HumanEval_45.py: 0.000014s
HumanEval_48.py: 0.000033s
HumanEval_50.py: 0.084084s
HumanEval_51.py: 0.000266s
HumanEval_52.py: 0.000148s
HumanEval_53.py: 0.007104s
HumanEval_55.py: 0.003382s
HumanEval_58.py: 0.000072s
HumanEval_60.py: 0.000054s
HumanEval_62.py: 0.000080s
HumanEval_63.py: 0.017711s
HumanEval_67.py: 0.000325s
HumanEval_76.py: 0.000124s
HumanEval_77.py: 0.000145s
HumanEval_79.py: 0.000038s
HumanEval_80.py: 0.000137s
HumanEval_92.py: 0.000103s
HumanEval_95.py: 0.000276s
HumanEval_102.py: 0.000033s
HumanEval_103.py: 0.001195s
HumanEval_109.py: 0.000176s
HumanEval_111.py: 0.000382s
HumanEval_121.py: 0.000154s
HumanEval_131.py: 0.000126s
HumanEval_138.py: 0.000032s
HumanEval_142.py: 0.000604s
HumanEval_144.py: 0.000277s
HumanEval_148.py: 0.000100s
HumanEval_149.py: 0.000326s
HumanEval_150.py: 0.008329s
HumanEval_157.py: 0.000077s
