HumanEval_2.py: 0.000019s
HumanEval_3.py: 0.000046s
HumanEval_5.py: 0.000052s
HumanEval_7.py: 0.000048s
HumanEval_9.py: 0.000123s
HumanEval_10.py: 0.000075s
HumanEval_11.py: 0.000126s
HumanEval_12.py: 0.000088s
HumanEval_13.py: 0.000019s
HumanEval_14.py: 0.000058s
HumanEval_15.py: 0.000070s
HumanEval_22.py: 0.000064s
HumanEval_23.py: 0.000017s
HumanEval_24.py: 0.000094s
HumanEval_27.py: 0.000411s
HumanEval_28.py: 0.000020s
HumanEval_30.py: 0.000047s
HumanEval_31.py: 0.010608s
HumanEval_34.py: 0.000020s
HumanEval_35.py: 0.000018s
HumanEval_38.py: 0.055691s
HumanEval_42.py: 0.000034s
HumanEval_45.py: 0.000012s
HumanEval_48.py: 0.000028s
HumanEval_50.py: 0.072581s
HumanEval_51.py: 0.000231s
HumanEval_52.py: 0.000125s
HumanEval_53.py: 0.006024s
HumanEval_55.py: 0.002845s
HumanEval_58.py: 0.000065s
HumanEval_60.py: 0.000047s
HumanEval_62.py: 0.000072s
HumanEval_63.py: 0.014587s
HumanEval_67.py: 0.000281s
HumanEval_76.py: 0.000108s
HumanEval_77.py: 0.000124s
HumanEval_79.py: 0.000032s
HumanEval_80.py: 0.000117s
HumanEval_92.py: 0.000085s
HumanEval_95.py: 0.000242s
HumanEval_102.py: 0.000031s
HumanEval_103.py: 0.000997s
HumanEval_109.py: 0.000151s
HumanEval_111.py: 0.000316s
HumanEval_121.py: 0.000127s
HumanEval_131.py: 0.000108s
HumanEval_138.py: 0.000026s
HumanEval_142.py: 0.000486s
HumanEval_144.py: 0.000226s
HumanEval_148.py: 0.000079s
HumanEval_149.py: 0.000246s
HumanEval_150.py: 0.006737s
HumanEval_157.py: 0.000068s
