HumanEval_2.py: 0.000025s
HumanEval_3.py: 0.000057s
HumanEval_5.py: 0.000063s
HumanEval_7.py: 0.000059s
HumanEval_9.py: 0.000146s
HumanEval_10.py: 0.000091s
HumanEval_11.py: 0.000151s
HumanEval_12.py: 0.000105s
HumanEval_13.py: 0.000023s
HumanEval_14.py: 0.000073s
HumanEval_15.py: 0.000089s
HumanEval_22.py: 0.000081s
HumanEval_23.py: 0.000021s
HumanEval_24.py: 0.000117s
HumanEval_27.py: 0.000519s
HumanEval_28.py: 0.000025s
HumanEval_30.py: 0.000059s
HumanEval_31.py: 0.012528s
HumanEval_34.py: 0.000023s
HumanEval_35.py: 0.000023s
HumanEval_38.py: 0.065629s
HumanEval_42.py: 0.000040s
HumanEval_45.py: 0.000014s
HumanEval_48.py: 0.000034s
HumanEval_50.py: 0.083885s
HumanEval_51.py: 0.000270s
HumanEval_52.py: 0.000142s
HumanEval_53.py: 0.007237s
HumanEval_55.py: 0.003371s
HumanEval_58.py: 0.000075s
HumanEval_60.py: 0.000057s
HumanEval_62.py: 0.000082s
HumanEval_63.py: 0.017652s
HumanEval_67.py: 0.000330s
HumanEval_76.py: 0.000130s
HumanEval_77.py: 0.000149s
HumanEval_79.py: 0.000040s
HumanEval_80.py: 0.000141s
HumanEval_92.py: 0.000106s
HumanEval_95.py: 0.000273s
HumanEval_102.py: 0.000034s
HumanEval_103.py: 0.001237s
HumanEval_109.py: 0.000180s
HumanEval_111.py: 0.000375s
HumanEval_121.py: 0.000151s
HumanEval_131.py: 0.000126s
HumanEval_138.py: 0.000032s
HumanEval_142.py: 0.000585s
HumanEval_144.py: 0.000265s
HumanEval_148.py: 0.000095s
HumanEval_149.py: 0.000307s
HumanEval_150.py: 0.008415s
HumanEval_157.py: 0.000083s
