HumanEval_2.py: 0.000021s
HumanEval_3.py: 0.000048s
HumanEval_5.py: 0.000055s
HumanEval_7.py: 0.000050s
HumanEval_9.py: 0.000128s
HumanEval_10.py: 0.000079s
HumanEval_11.py: 0.000132s
HumanEval_12.py: 0.000094s
HumanEval_13.py: 0.000020s
HumanEval_14.py: 0.000058s
HumanEval_15.py: 0.000075s
HumanEval_22.py: 0.000069s
HumanEval_23.py: 0.000017s
HumanEval_24.py: 0.000097s
HumanEval_27.py: 0.000423s
HumanEval_28.py: 0.000021s
HumanEval_30.py: 0.000046s
HumanEval_31.py: 0.010796s
HumanEval_34.py: 0.000021s
HumanEval_35.py: 0.000020s
HumanEval_38.py: 0.057214s
HumanEval_42.py: 0.000035s
HumanEval_45.py: 0.000013s
HumanEval_48.py: 0.000030s
HumanEval_50.py: 0.073328s
HumanEval_51.py: 0.000231s
HumanEval_52.py: 0.000130s
HumanEval_53.py: 0.006165s
HumanEval_55.py: 0.002932s
HumanEval_58.py: 0.000067s
HumanEval_60.py: 0.000049s
HumanEval_62.py: 0.000073s
HumanEval_63.py: 0.015382s
HumanEval_67.py: 0.000286s
HumanEval_76.py: 0.000109s
HumanEval_77.py: 0.000130s
HumanEval_79.py: 0.000035s
HumanEval_80.py: 0.000121s
HumanEval_92.py: 0.000092s
HumanEval_95.py: 0.000236s
HumanEval_102.py: 0.000030s
HumanEval_103.py: 0.001075s
HumanEval_109.py: 0.000162s
HumanEval_111.py: 0.000334s
HumanEval_121.py: 0.000130s
HumanEval_131.py: 0.000109s
HumanEval_138.py: 0.000028s
HumanEval_142.py: 0.000510s
HumanEval_144.py: 0.000231s
HumanEval_148.py: 0.000084s
HumanEval_149.py: 0.000260s
HumanEval_150.py: 0.007161s
HumanEval_157.py: 0.000072s
