HumanEval_2.py: 0.000021s
HumanEval_3.py: 0.000048s
HumanEval_5.py: 0.000056s
HumanEval_7.py: 0.000052s
HumanEval_9.py: 0.000132s
HumanEval_10.py: 0.000082s
HumanEval_11.py: 0.000133s
HumanEval_12.py: 0.000100s
HumanEval_13.py: 0.000021s
HumanEval_14.py: 0.000061s
HumanEval_15.py: 0.000075s
HumanEval_22.py: 0.000068s
HumanEval_23.py: 0.000017s
HumanEval_24.py: 0.000098s
HumanEval_27.py: 0.000434s
HumanEval_28.py: 0.000021s
HumanEval_30.py: 0.000048s
HumanEval_31.py: 0.010741s
HumanEval_34.py: 0.000021s
HumanEval_35.py: 0.000019s
HumanEval_38.py: 0.055001s
HumanEval_42.py: 0.000033s
HumanEval_45.py: 0.000012s
HumanEval_48.py: 0.000028s
HumanEval_50.py: 0.070534s
HumanEval_51.py: 0.000228s
HumanEval_52.py: 0.000124s
HumanEval_53.py: 0.005892s
HumanEval_55.py: 0.002826s
HumanEval_58.py: 0.000064s
HumanEval_60.py: 0.000047s
HumanEval_62.py: 0.000070s
HumanEval_63.py: 0.014519s
HumanEval_67.py: 0.000280s
HumanEval_76.py: 0.000106s
HumanEval_77.py: 0.000122s
HumanEval_79.py: 0.000033s
HumanEval_80.py: 0.000120s
HumanEval_92.py: 0.000088s
HumanEval_95.py: 0.000233s
HumanEval_102.py: 0.000029s
HumanEval_103.py: 0.001010s
HumanEval_109.py: 0.000151s
HumanEval_111.py: 0.000321s
HumanEval_121.py: 0.000127s
HumanEval_131.py: 0.000104s
HumanEval_138.py: 0.000027s
HumanEval_142.py: 0.000490s
HumanEval_144.py: 0.000223s
HumanEval_148.py: 0.000083s
HumanEval_149.py: 0.000248s
HumanEval_150.py: 0.006716s
HumanEval_157.py: 0.000065s
