Mbpp_3.py: 7.206381s
Mbpp_4.py: 0.084029s
HumanEval_9.py: 0.005705s
Mbpp_9.py: 0.000903s
Mbpp_12.py: 0.004151s
HumanEval_16.py: 0.004008s
Mbpp_19.py: 0.001118s
HumanEval_24.py: 1.106971s
HumanEval_26.py: 15.145593s
HumanEval_31.py: 0.973617s
HumanEval_33.py: 0.003256s
HumanEval_34.py: 0.006589s
HumanEval_51.py: 0.422569s
HumanEval_58.py: 0.004824s
Mbpp_62.py: 0.025266s
HumanEval_64.py: 0.272741s
Mbpp_75.py: 0.000543s
HumanEval_85.py: 0.021557s
Mbpp_88.py: 0.003407s
HumanEval_89.py: 0.676711s
Mbpp_90.py: 0.001187s
Mbpp_94.py: 0.002290s
Mbpp_96.py: 0.047976s
Mbpp_97.py: 0.002159s
Mbpp_106.py: 0.001205s
Mbpp_108.py: 0.013236s
HumanEval_113.py: 7.220522s
HumanEval_121.py: 0.009854s
Mbpp_123.py: 0.317034s
Mbpp_128.py: 0.062542s
Mbpp_130.py: 0.001694s
Mbpp_137.py: 0.085489s
Mbpp_140.py: 0.008881s
Mbpp_141.py: 0.000638s
HumanEval_149.py: 0.034904s
Mbpp_166.py: 0.095158s
Mbpp_170.py: 0.027562s
Mbpp_226.py: 0.301797s
Mbpp_230.py: 0.000268s
Mbpp_239.py: 0.000907s
Mbpp_240.py: 0.000728s
Mbpp_251.py: 0.009096s
Mbpp_256.py: 1.966182s
Mbpp_265.py: 0.041451s
Mbpp_281.py: 0.002941s
Mbpp_296.py: 4.561925s
Mbpp_308.py: 0.023439s
Mbpp_392.py: 0.216598s
Mbpp_395.py: 0.002584s
Mbpp_405.py: 0.000146s
Mbpp_421.py: 0.030850s
Mbpp_424.py: 0.000725s
Mbpp_425.py: 0.002598s
Mbpp_433.py: 0.149527s
Mbpp_437.py: 0.360586s
Mbpp_446.py: 0.001178s
Mbpp_451.py: 0.001168s
Mbpp_456.py: 0.013145s
Mbpp_460.py: 0.002526s
Mbpp_474.py: 0.021724s
Mbpp_477.py: 0.000718s
Mbpp_563.py: 3.242609s
Mbpp_572.py: 0.884228s
Mbpp_578.py: 0.016523s
Mbpp_586.py: 0.000332s
Mbpp_587.py: 0.001236s
Mbpp_592.py: 0.410627s
Mbpp_604.py: 0.011809s
Mbpp_610.py: 0.024815s
Mbpp_611.py: 0.002942s
Mbpp_632.py: 0.002014s
Mbpp_633.py: 0.022239s
Mbpp_644.py: 0.008505s
Mbpp_720.py: 0.010738s
Mbpp_725.py: 0.045279s
Mbpp_740.py: 0.004420s
Mbpp_744.py: 0.125384s
Mbpp_750.py: 0.003305s
Mbpp_753.py: 0.076688s
Mbpp_754.py: 0.002619s
Mbpp_757.py: 48.408776s
Mbpp_758.py: 0.005093s
Mbpp_760.py: 0.001308s
Mbpp_764.py: 0.330944s
Mbpp_766.py: 0.191964s
Mbpp_775.py: 0.219121s
Mbpp_777.py: 68.976178s
Mbpp_781.py: 6.014597s
Mbpp_800.py: 0.001292s
Mbpp_805.py: 0.004774s
Mbpp_808.py: 0.004230s
