Mbpp_3.py: 7.095999s
Mbpp_4.py: 0.086238s
HumanEval_9.py: 0.005986s
Mbpp_9.py: 0.000938s
Mbpp_12.py: 0.004070s
HumanEval_16.py: 0.004262s
Mbpp_19.py: 0.001349s
HumanEval_24.py: 1.140609s
HumanEval_26.py: 16.006819s
HumanEval_31.py: 0.969383s
HumanEval_33.py: 0.002408s
HumanEval_34.py: 0.004639s
HumanEval_51.py: 0.337560s
HumanEval_58.py: 0.004666s
Mbpp_62.py: 0.026256s
HumanEval_64.py: 0.381027s
Mbpp_75.py: 0.000558s
HumanEval_85.py: 0.023319s
Mbpp_88.py: 0.003541s
HumanEval_89.py: 0.685654s
Mbpp_90.py: 0.001082s
Mbpp_94.py: 0.002406s
Mbpp_96.py: 0.047328s
Mbpp_97.py: 0.002291s
Mbpp_106.py: 0.001175s
Mbpp_108.py: 0.013630s
HumanEval_113.py: 7.203062s
HumanEval_121.py: 0.009758s
Mbpp_123.py: 0.332011s
Mbpp_128.py: 0.064566s
Mbpp_130.py: 0.001807s
Mbpp_137.py: 0.089965s
Mbpp_140.py: 0.008931s
Mbpp_141.py: 0.000637s
HumanEval_149.py: 0.036498s
Mbpp_166.py: 0.100349s
Mbpp_170.py: 0.027566s
Mbpp_226.py: 0.307112s
Mbpp_230.py: 0.000266s
Mbpp_239.py: 0.000912s
Mbpp_240.py: 0.000857s
Mbpp_251.py: 0.009198s
Mbpp_256.py: 2.017783s
Mbpp_265.py: 0.043520s
Mbpp_281.py: 0.003141s
Mbpp_296.py: 4.641383s
Mbpp_308.py: 0.023690s
Mbpp_392.py: 0.213986s
Mbpp_395.py: 0.002819s
Mbpp_405.py: 0.000145s
Mbpp_421.py: 0.029865s
Mbpp_424.py: 0.000729s
Mbpp_425.py: 0.002643s
Mbpp_433.py: 0.149334s
Mbpp_437.py: 0.356323s
Mbpp_446.py: 0.001160s
Mbpp_451.py: 0.001105s
Mbpp_456.py: 0.012077s
Mbpp_460.py: 0.001637s
Mbpp_474.py: 0.021755s
Mbpp_477.py: 0.000655s
Mbpp_563.py: 3.216521s
Mbpp_572.py: 0.891434s
Mbpp_578.py: 0.017623s
Mbpp_586.py: 0.000349s
Mbpp_587.py: 0.001238s
Mbpp_592.py: 0.410069s
Mbpp_604.py: 0.010772s
Mbpp_610.py: 0.023072s
Mbpp_611.py: 0.002844s
Mbpp_632.py: 0.001689s
Mbpp_633.py: 0.021727s
Mbpp_644.py: 0.007373s
Mbpp_720.py: 0.009363s
Mbpp_725.py: 0.042335s
Mbpp_740.py: 0.004134s
Mbpp_744.py: 0.133055s
Mbpp_750.py: 0.003991s
Mbpp_753.py: 0.077288s
Mbpp_754.py: 0.002774s
Mbpp_757.py: 50.091925s
Mbpp_758.py: 0.005620s
Mbpp_760.py: 0.001282s
Mbpp_764.py: 0.340608s
Mbpp_766.py: 0.187400s
Mbpp_775.py: 0.228581s
Mbpp_777.py: 65.827001s
Mbpp_781.py: 5.919977s
Mbpp_800.py: 0.001326s
Mbpp_805.py: 0.004731s
Mbpp_808.py: 0.004186s
