Mbpp_3.py: 7.227603s
Mbpp_4.py: 0.088783s
HumanEval_9.py: 0.005901s
Mbpp_9.py: 0.000945s
Mbpp_12.py: 0.003875s
HumanEval_16.py: 0.004011s
Mbpp_19.py: 0.001200s
HumanEval_24.py: 1.123133s
HumanEval_26.py: 15.252616s
HumanEval_31.py: 0.958890s
HumanEval_33.py: 0.002417s
HumanEval_34.py: 0.004431s
HumanEval_51.py: 0.344324s
HumanEval_58.py: 0.004387s
Mbpp_62.py: 0.023193s
HumanEval_64.py: 0.271876s
Mbpp_75.py: 0.000408s
HumanEval_85.py: 0.021002s
Mbpp_88.py: 0.003444s
HumanEval_89.py: 0.672748s
Mbpp_90.py: 0.000701s
Mbpp_94.py: 0.002368s
Mbpp_96.py: 0.049650s
Mbpp_97.py: 0.002241s
Mbpp_106.py: 0.001218s
Mbpp_108.py: 0.013659s
HumanEval_113.py: 7.468789s
HumanEval_121.py: 0.010083s
Mbpp_123.py: 0.333582s
Mbpp_128.py: 0.076004s
Mbpp_130.py: 0.001818s
Mbpp_137.py: 0.090691s
Mbpp_140.py: 0.008872s
Mbpp_141.py: 0.000650s
HumanEval_149.py: 0.036183s
Mbpp_166.py: 0.100417s
Mbpp_170.py: 0.029457s
Mbpp_226.py: 0.319082s
Mbpp_230.py: 0.000282s
Mbpp_239.py: 0.000956s
Mbpp_240.py: 0.000883s
Mbpp_251.py: 0.009695s
Mbpp_256.py: 2.045756s
Mbpp_265.py: 0.049917s
Mbpp_281.py: 0.003163s
Mbpp_296.py: 4.619168s
Mbpp_308.py: 0.023488s
Mbpp_392.py: 0.212691s
Mbpp_395.py: 0.002717s
Mbpp_405.py: 0.000136s
Mbpp_421.py: 0.033334s
Mbpp_424.py: 0.000713s
Mbpp_425.py: 0.002659s
Mbpp_433.py: 0.144796s
Mbpp_437.py: 0.356837s
Mbpp_446.py: 0.001200s
Mbpp_451.py: 0.001157s
Mbpp_456.py: 0.012815s
Mbpp_460.py: 0.001614s
Mbpp_474.py: 0.017812s
Mbpp_477.py: 0.000708s
Mbpp_563.py: 3.173399s
Mbpp_572.py: 0.863822s
Mbpp_578.py: 0.016326s
Mbpp_586.py: 0.000320s
Mbpp_587.py: 0.001270s
Mbpp_592.py: 0.408092s
Mbpp_604.py: 0.013675s
Mbpp_610.py: 0.023131s
Mbpp_611.py: 0.003063s
Mbpp_632.py: 0.001949s
Mbpp_633.py: 0.022966s
Mbpp_644.py: 0.007571s
Mbpp_720.py: 0.009818s
Mbpp_725.py: 0.045945s
Mbpp_740.py: 0.004225s
Mbpp_744.py: 0.133726s
Mbpp_750.py: 0.003656s
Mbpp_753.py: 0.075106s
Mbpp_754.py: 0.002665s
Mbpp_757.py: 49.474490s
Mbpp_758.py: 0.005371s
Mbpp_760.py: 0.001227s
Mbpp_764.py: 0.326599s
Mbpp_766.py: 0.186106s
Mbpp_775.py: 0.228132s
Mbpp_777.py: 71.605236s
Mbpp_781.py: 6.096741s
Mbpp_800.py: 0.001291s
Mbpp_805.py: 0.005053s
Mbpp_808.py: 0.004419s
