Mbpp_3.py: 7.683255s
Mbpp_4.py: 0.090527s
HumanEval_9.py: 0.006086s
Mbpp_9.py: 0.000963s
Mbpp_12.py: 0.004853s
HumanEval_16.py: 0.004208s
Mbpp_19.py: 0.001408s
HumanEval_24.py: 1.191952s
HumanEval_26.py: 18.377124s
HumanEval_31.py: 1.001320s
HumanEval_33.py: 0.002563s
HumanEval_34.py: 0.005179s
HumanEval_51.py: 0.339701s
HumanEval_58.py: 0.004880s
Mbpp_62.py: 0.028053s
HumanEval_64.py: 0.273438s
Mbpp_75.py: 0.000424s
HumanEval_85.py: 0.021656s
Mbpp_88.py: 0.003503s
HumanEval_89.py: 0.687723s
Mbpp_90.py: 0.001136s
Mbpp_94.py: 0.002541s
Mbpp_96.py: 0.052484s
Mbpp_97.py: 0.002451s
Mbpp_106.py: 0.001225s
Mbpp_108.py: 0.014650s
HumanEval_113.py: 7.734082s
HumanEval_121.py: 0.009913s
Mbpp_123.py: 0.323250s
Mbpp_128.py: 0.064834s
Mbpp_130.py: 0.001844s
Mbpp_137.py: 0.088431s
Mbpp_140.py: 0.009472s
Mbpp_141.py: 0.000649s
HumanEval_149.py: 0.036879s
Mbpp_166.py: 0.098652s
Mbpp_170.py: 0.029203s
Mbpp_226.py: 0.309587s
Mbpp_230.py: 0.000276s
Mbpp_239.py: 0.000947s
Mbpp_240.py: 0.000931s
Mbpp_251.py: 0.009459s
Mbpp_256.py: 2.017501s
Mbpp_265.py: 0.041483s
Mbpp_281.py: 0.003092s
Mbpp_296.py: 4.641134s
Mbpp_308.py: 0.025046s
Mbpp_392.py: 0.218679s
Mbpp_395.py: 0.002656s
Mbpp_405.py: 0.000226s
Mbpp_421.py: 0.031233s
Mbpp_424.py: 0.000901s
Mbpp_425.py: 0.002537s
Mbpp_433.py: 0.145891s
Mbpp_437.py: 0.356715s
Mbpp_446.py: 0.001185s
Mbpp_451.py: 0.001174s
Mbpp_456.py: 0.012715s
Mbpp_460.py: 0.001655s
Mbpp_474.py: 0.021774s
Mbpp_477.py: 0.000710s
Mbpp_563.py: 3.307687s
Mbpp_572.py: 0.959209s
Mbpp_578.py: 0.018448s
Mbpp_586.py: 0.000428s
Mbpp_587.py: 0.002178s
Mbpp_592.py: 0.448832s
Mbpp_604.py: 0.012341s
Mbpp_610.py: 0.023408s
Mbpp_611.py: 0.003185s
Mbpp_632.py: 0.002129s
Mbpp_633.py: 0.023605s
Mbpp_644.py: 0.007683s
Mbpp_720.py: 0.010341s
Mbpp_725.py: 0.048088s
Mbpp_740.py: 0.004228s
Mbpp_744.py: 0.133669s
Mbpp_750.py: 0.003395s
Mbpp_753.py: 0.079537s
Mbpp_754.py: 0.002878s
Mbpp_757.py: 49.566743s
Mbpp_758.py: 0.005382s
Mbpp_760.py: 0.001280s
Mbpp_764.py: 0.341798s
Mbpp_766.py: 0.189918s
Mbpp_775.py: 0.229084s
Mbpp_777.py: 73.489199s
Mbpp_781.py: 6.164993s
Mbpp_800.py: 0.001297s
Mbpp_805.py: 0.005191s
Mbpp_808.py: 0.004417s
