Mbpp_3.py: 7.526639s
Mbpp_4.py: 0.099369s
HumanEval_9.py: 0.006936s
Mbpp_9.py: 0.001059s
Mbpp_12.py: 0.004119s
HumanEval_16.py: 0.004177s
Mbpp_19.py: 0.001338s
HumanEval_24.py: 1.146389s
HumanEval_26.py: 15.989574s
HumanEval_31.py: 0.992973s
HumanEval_33.py: 0.002398s
HumanEval_34.py: 0.004694s
HumanEval_51.py: 0.341139s
HumanEval_58.py: 0.004672s
Mbpp_62.py: 0.024775s
HumanEval_64.py: 0.284515s
Mbpp_75.py: 0.000555s
HumanEval_85.py: 0.023131s
Mbpp_88.py: 0.003552s
HumanEval_89.py: 0.694380s
Mbpp_90.py: 0.000701s
Mbpp_94.py: 0.002358s
Mbpp_96.py: 0.049141s
Mbpp_97.py: 0.002279s
Mbpp_106.py: 0.001141s
Mbpp_108.py: 0.013653s
HumanEval_113.py: 7.366672s
HumanEval_121.py: 0.009916s
Mbpp_123.py: 0.330596s
Mbpp_128.py: 0.061815s
Mbpp_130.py: 0.001696s
Mbpp_137.py: 0.091435s
Mbpp_140.py: 0.009013s
Mbpp_141.py: 0.000653s
HumanEval_149.py: 0.036170s
Mbpp_166.py: 0.100536s
Mbpp_170.py: 0.028101s
Mbpp_226.py: 0.318895s
Mbpp_230.py: 0.000277s
Mbpp_239.py: 0.000954s
Mbpp_240.py: 0.000876s
Mbpp_251.py: 0.009776s
Mbpp_256.py: 2.042054s
Mbpp_265.py: 0.040986s
Mbpp_281.py: 0.003111s
Mbpp_296.py: 4.714827s
Mbpp_308.py: 0.029987s
Mbpp_392.py: 0.214798s
Mbpp_395.py: 0.002764s
Mbpp_405.py: 0.000138s
Mbpp_421.py: 0.029329s
Mbpp_424.py: 0.000705s
Mbpp_425.py: 0.004507s
Mbpp_433.py: 0.146519s
Mbpp_437.py: 0.359313s
Mbpp_446.py: 0.001199s
Mbpp_451.py: 0.001156s
Mbpp_456.py: 0.012965s
Mbpp_460.py: 0.001698s
Mbpp_474.py: 0.022725s
Mbpp_477.py: 0.000687s
Mbpp_563.py: 3.313981s
Mbpp_572.py: 0.887575s
Mbpp_578.py: 0.016365s
Mbpp_586.py: 0.000317s
Mbpp_587.py: 0.001178s
Mbpp_592.py: 0.414755s
Mbpp_604.py: 0.011350s
Mbpp_610.py: 0.023341s
Mbpp_611.py: 0.003072s
Mbpp_632.py: 0.001934s
Mbpp_633.py: 0.022433s
Mbpp_644.py: 0.007793s
Mbpp_720.py: 0.010175s
Mbpp_725.py: 0.048052s
Mbpp_740.py: 0.004616s
Mbpp_744.py: 0.135802s
Mbpp_750.py: 0.003480s
Mbpp_753.py: 0.072726s
Mbpp_754.py: 0.002489s
Mbpp_757.py: 50.926160s
Mbpp_758.py: 0.005288s
Mbpp_760.py: 0.001213s
Mbpp_764.py: 0.329567s
Mbpp_766.py: 0.177621s
Mbpp_775.py: 0.228469s
Mbpp_777.py: 66.409132s
Mbpp_781.py: 6.081743s
Mbpp_800.py: 0.001297s
Mbpp_805.py: 0.004777s
Mbpp_808.py: 0.004159s
