Mbpp_3.py: 6.851716s
Mbpp_4.py: 0.087466s
HumanEval_9.py: 0.005942s
Mbpp_9.py: 0.000901s
Mbpp_12.py: 0.004351s
HumanEval_16.py: 0.004028s
Mbpp_19.py: 0.001341s
HumanEval_24.py: 1.145529s
HumanEval_26.py: 17.246611s
HumanEval_31.py: 0.968548s
HumanEval_33.py: 0.002469s
HumanEval_34.py: 0.004937s
HumanEval_51.py: 0.335685s
HumanEval_58.py: 0.004841s
Mbpp_62.py: 0.025932s
HumanEval_64.py: 0.262410s
Mbpp_75.py: 0.000413s
HumanEval_85.py: 0.020279s
Mbpp_88.py: 0.003292s
HumanEval_89.py: 0.653500s
Mbpp_90.py: 0.000999s
Mbpp_94.py: 0.002342s
Mbpp_96.py: 0.046487s
Mbpp_97.py: 0.002158s
Mbpp_106.py: 0.000969s
Mbpp_108.py: 0.012841s
HumanEval_113.py: 7.302454s
HumanEval_121.py: 0.010133s
Mbpp_123.py: 0.325745s
Mbpp_128.py: 0.063023s
Mbpp_130.py: 0.001799s
Mbpp_137.py: 0.090812s
Mbpp_140.py: 0.009104s
Mbpp_141.py: 0.000650s
HumanEval_149.py: 0.038141s
Mbpp_166.py: 0.100917s
Mbpp_170.py: 0.033566s
Mbpp_226.py: 0.324819s
Mbpp_230.py: 0.000298s
Mbpp_239.py: 0.000980s
Mbpp_240.py: 0.001003s
Mbpp_251.py: 0.009498s
Mbpp_256.py: 2.013411s
Mbpp_265.py: 0.042351s
Mbpp_281.py: 0.002943s
Mbpp_296.py: 4.475468s
Mbpp_308.py: 0.022331s
Mbpp_392.py: 0.206870s
Mbpp_395.py: 0.002889s
Mbpp_405.py: 0.000139s
Mbpp_421.py: 0.029308s
Mbpp_424.py: 0.000701s
Mbpp_425.py: 0.002460s
Mbpp_433.py: 0.140470s
Mbpp_437.py: 0.346118s
Mbpp_446.py: 0.001207s
Mbpp_451.py: 0.001134s
Mbpp_456.py: 0.012005s
Mbpp_460.py: 0.001591s
Mbpp_474.py: 0.021641s
Mbpp_477.py: 0.000702s
Mbpp_563.py: 3.135292s
Mbpp_572.py: 0.877820s
Mbpp_578.py: 0.015832s
Mbpp_586.py: 0.000248s
Mbpp_587.py: 0.000976s
Mbpp_592.py: 0.405709s
Mbpp_604.py: 0.011798s
Mbpp_610.py: 0.024315s
Mbpp_611.py: 0.002850s
Mbpp_632.py: 0.001813s
Mbpp_633.py: 0.021688s
Mbpp_644.py: 0.007813s
Mbpp_720.py: 0.009257s
Mbpp_725.py: 0.045007s
Mbpp_740.py: 0.003982s
Mbpp_744.py: 0.132172s
Mbpp_750.py: 0.003604s
Mbpp_753.py: 0.070949s
Mbpp_754.py: 0.002559s
Mbpp_757.py: 49.329336s
Mbpp_758.py: 0.004905s
Mbpp_760.py: 0.001225s
Mbpp_764.py: 0.328594s
Mbpp_766.py: 0.186646s
Mbpp_775.py: 0.250382s
Mbpp_777.py: 69.503111s
Mbpp_781.py: 5.847154s
Mbpp_800.py: 0.001255s
Mbpp_805.py: 0.004698s
Mbpp_808.py: 0.004064s
