Mbpp_3.py: 7.188748s
Mbpp_4.py: 0.086783s
HumanEval_9.py: 0.006084s
Mbpp_9.py: 0.000969s
Mbpp_12.py: 0.004071s
HumanEval_16.py: 0.004300s
Mbpp_19.py: 0.001285s
HumanEval_24.py: 1.109260s
HumanEval_26.py: 16.052011s
HumanEval_31.py: 0.918808s
HumanEval_33.py: 0.002269s
HumanEval_34.py: 0.004828s
HumanEval_51.py: 0.328671s
HumanEval_58.py: 0.004632s
Mbpp_62.py: 0.024402s
HumanEval_64.py: 0.260976s
Mbpp_75.py: 0.000521s
HumanEval_85.py: 0.020961s
Mbpp_88.py: 0.003424s
HumanEval_89.py: 0.679915s
Mbpp_90.py: 0.000718s
Mbpp_94.py: 0.002455s
Mbpp_96.py: 0.048941s
Mbpp_97.py: 0.002268s
Mbpp_106.py: 0.001145s
Mbpp_108.py: 0.013620s
HumanEval_113.py: 8.001885s
HumanEval_121.py: 0.010242s
Mbpp_123.py: 0.342901s
Mbpp_128.py: 0.066193s
Mbpp_130.py: 0.001888s
Mbpp_137.py: 0.135946s
Mbpp_140.py: 0.009923s
Mbpp_141.py: 0.000711s
HumanEval_149.py: 0.039493s
Mbpp_166.py: 0.103282s
Mbpp_170.py: 0.031394s
Mbpp_226.py: 0.334014s
Mbpp_230.py: 0.000284s
Mbpp_239.py: 0.000966s
Mbpp_240.py: 0.000908s
Mbpp_251.py: 0.009696s
Mbpp_256.py: 2.201059s
Mbpp_265.py: 0.051637s
Mbpp_281.py: 0.003463s
Mbpp_296.py: 5.004449s
Mbpp_308.py: 0.024147s
Mbpp_392.py: 0.220518s
Mbpp_395.py: 0.002689s
Mbpp_405.py: 0.000148s
Mbpp_421.py: 0.031130s
Mbpp_424.py: 0.000754s
Mbpp_425.py: 0.002591s
Mbpp_433.py: 0.151990s
Mbpp_437.py: 0.361898s
Mbpp_446.py: 0.001200s
Mbpp_451.py: 0.001156s
Mbpp_456.py: 0.012986s
Mbpp_460.py: 0.002232s
Mbpp_474.py: 0.023324s
Mbpp_477.py: 0.000824s
Mbpp_563.py: 3.363028s
Mbpp_572.py: 0.913616s
Mbpp_578.py: 0.016886s
Mbpp_586.py: 0.000341s
Mbpp_587.py: 0.001391s
Mbpp_592.py: 0.435272s
Mbpp_604.py: 0.011627s
Mbpp_610.py: 0.024439s
Mbpp_611.py: 0.003119s
Mbpp_632.py: 0.002095s
Mbpp_633.py: 0.022720s
Mbpp_644.py: 0.008193s
Mbpp_720.py: 0.010644s
Mbpp_725.py: 0.048189s
Mbpp_740.py: 0.004434s
Mbpp_744.py: 0.132621s
Mbpp_750.py: 0.003894s
Mbpp_753.py: 0.076925s
Mbpp_754.py: 0.002722s
Mbpp_757.py: 54.212371s
Mbpp_758.py: 0.006388s
Mbpp_760.py: 0.001474s
Mbpp_764.py: 0.394396s
Mbpp_766.py: 0.217818s
Mbpp_775.py: 0.248736s
Mbpp_777.py: 71.474343s
Mbpp_781.py: 6.066456s
Mbpp_800.py: 0.001308s
Mbpp_805.py: 0.004859s
Mbpp_808.py: 0.004225s
