HumanEval_1.py: 0.000426s
HumanEval_2.py: 0.000020s
HumanEval_3.py: 0.000046s
HumanEval_5.py: 0.000052s
HumanEval_7.py: 0.000049s
HumanEval_8.py: 0.000031s
HumanEval_9.py: 0.000104s
HumanEval_10.py: 0.000076s
HumanEval_11.py: 0.000124s
HumanEval_12.py: 0.000091s
HumanEval_13.py: 0.000021s
HumanEval_14.py: 0.000057s
HumanEval_15.py: 0.000072s
HumanEval_16.py: 0.000063s
HumanEval_17.py: 0.000105s
HumanEval_18.py: 0.000310s
HumanEval_21.py: 0.000128s
HumanEval_22.py: 0.000065s
HumanEval_23.py: 0.000016s
HumanEval_24.py: 0.000094s
HumanEval_25.py: 0.000205s
HumanEval_26.py: 0.000073s
HumanEval_27.py: 0.000026s
HumanEval_28.py: 0.000019s
HumanEval_29.py: 0.000044s
HumanEval_30.py: 0.000044s
HumanEval_31.py: 0.010466s
HumanEval_32.py: 0.296945s
HumanEval_33.py: 0.000125s
HumanEval_34.py: 0.000018s
HumanEval_35.py: 0.000017s
HumanEval_38.py: 0.055591s
HumanEval_42.py: 0.000034s
HumanEval_44.py: 0.000130s
HumanEval_45.py: 0.000012s
HumanEval_47.py: 0.000078s
HumanEval_48.py: 0.000105s
HumanEval_50.py: 0.070883s
HumanEval_51.py: 0.000179s
HumanEval_52.py: 0.000124s
HumanEval_53.py: 0.005891s
HumanEval_55.py: 0.002849s
HumanEval_57.py: 0.000087s
HumanEval_58.py: 0.000062s
HumanEval_60.py: 0.000426s
HumanEval_62.py: 0.000070s
HumanEval_63.py: 0.014774s
HumanEval_64.py: 0.000158s
HumanEval_65.py: 0.000065s
HumanEval_67.py: 0.000277s
HumanEval_70.py: 0.000319s
HumanEval_71.py: 0.000093s
HumanEval_72.py: 0.000068s
HumanEval_76.py: 0.000104s
HumanEval_77.py: 0.000121s
HumanEval_78.py: 0.000145s
HumanEval_79.py: 0.000033s
HumanEval_80.py: 0.000118s
HumanEval_85.py: 0.000086s
HumanEval_89.py: 0.000460s
HumanEval_92.py: 0.000086s
HumanEval_93.py: 0.000495s
HumanEval_95.py: 0.000230s
HumanEval_98.py: 0.000066s
HumanEval_102.py: 0.000029s
HumanEval_103.py: 0.001083s
HumanEval_109.py: 0.000148s
HumanEval_111.py: 0.000315s
HumanEval_112.py: 0.000174s
HumanEval_113.py: 0.000631s
HumanEval_118.py: 0.000156s
HumanEval_121.py: 0.000125s
HumanEval_123.py: 0.000174s
HumanEval_124.py: 0.000278s
HumanEval_128.py: 0.000336s
HumanEval_131.py: 0.000101s
HumanEval_138.py: 0.000026s
HumanEval_142.py: 0.000624s
HumanEval_144.py: 0.000218s
HumanEval_148.py: 0.000079s
HumanEval_149.py: 0.000244s
HumanEval_150.py: 0.006716s
HumanEval_155.py: 0.000122s
HumanEval_157.py: 0.000067s
