HumanEval_0.py: 0.009088s
Mbpp_3.py: 0.000353s
Mbpp_4.py: 0.000477s
HumanEval_4.py: 0.005398s
HumanEval_9.py: 0.002859s
Mbpp_9.py: 0.000019s
Mbpp_11.py: 0.000119s
Mbpp_12.py: 0.005444s
HumanEval_16.py: 0.004594s
Mbpp_16.py: 0.000067s
Mbpp_19.py: 0.000318s
HumanEval_20.py: 0.001891s
HumanEval_24.py: 0.000078s
HumanEval_26.py: 0.008031s
HumanEval_31.py: 0.000053s
HumanEval_33.py: 0.002411s
HumanEval_34.py: 0.004738s
HumanEval_36.py: 0.022669s
HumanEval_37.py: 0.000747s
HumanEval_49.py: 0.000009s
HumanEval_51.py: 0.001183s
HumanEval_54.py: 0.008020s
HumanEval_58.py: 0.003636s
HumanEval_59.py: 0.000058s
Mbpp_62.py: 0.017643s
HumanEval_64.py: 0.004704s
HumanEval_74.py: 0.003238s
Mbpp_75.py: 0.000145s
HumanEval_85.py: 0.015377s
HumanEval_86.py: 0.439086s
HumanEval_87.py: 0.004094s
Mbpp_88.py: 0.002080s
HumanEval_89.py: 0.001460s
HumanEval_90.py: 0.000789s
Mbpp_90.py: 0.000563s
Mbpp_94.py: 0.000745s
Mbpp_96.py: 0.000040s
Mbpp_97.py: 0.000368s
Mbpp_106.py: 0.000806s
Mbpp_108.py: 0.000455s
Mbpp_111.py: 0.003139s
HumanEval_113.py: 0.320607s
HumanEval_119.py: 0.000618s
HumanEval_120.py: 0.000042s
HumanEval_121.py: 0.003564s
Mbpp_123.py: 0.001507s
Mbpp_128.py: 0.000019s
Mbpp_129.py: 0.013292s
Mbpp_130.py: 0.001015s
Mbpp_137.py: 0.024526s
Mbpp_140.py: 0.003149s
Mbpp_141.py: 0.000016s
HumanEval_149.py: 0.026736s
Mbpp_166.py: 0.000070s
Mbpp_170.py: 0.022320s
Mbpp_226.py: 0.001140s
Mbpp_230.py: 0.000273s
Mbpp_239.py: 0.000391s
Mbpp_240.py: 0.001037s
Mbpp_251.py: 0.000641s
Mbpp_256.py: 0.000471s
Mbpp_265.py: 0.057451s
Mbpp_281.py: 0.000110s
Mbpp_296.py: 0.035715s
Mbpp_308.py: 0.013710s
Mbpp_392.py: 0.000206s
Mbpp_395.py: 0.000935s
Mbpp_405.py: 0.000183s
Mbpp_414.py: 0.000214s
Mbpp_421.py: 0.009890s
Mbpp_424.py: 0.000127s
Mbpp_425.py: 0.002715s
Mbpp_428.py: 0.000861s
Mbpp_433.py: 0.021293s
Mbpp_437.py: 0.001221s
Mbpp_440.py: 0.000022s
Mbpp_446.py: 0.001034s
Mbpp_451.py: 0.001168s
Mbpp_456.py: 0.016655s
Mbpp_460.py: 0.002224s
Mbpp_474.py: 0.000153s
Mbpp_476.py: 0.021807s
Mbpp_477.py: 0.000667s
Mbpp_563.py: 0.001239s
Mbpp_572.py: 0.000757s
Mbpp_578.py: 0.001858s
Mbpp_586.py: 0.000177s
Mbpp_587.py: 0.001092s
Mbpp_588.py: 0.028566s
Mbpp_592.py: 0.002627s
Mbpp_597.py: 0.041018s
Mbpp_604.py: 0.015392s
Mbpp_610.py: 0.009433s
Mbpp_611.py: 0.003354s
Mbpp_631.py: 0.000352s
Mbpp_632.py: 0.007751s
Mbpp_633.py: 0.000893s
Mbpp_644.py: 0.003227s
Mbpp_720.py: 0.008705s
Mbpp_725.py: 0.053625s
Mbpp_732.py: 0.000189s
Mbpp_740.py: 0.001117s
Mbpp_744.py: 0.007156s
Mbpp_750.py: 0.007881s
Mbpp_753.py: 0.042287s
Mbpp_754.py: 0.002269s
Mbpp_755.py: 0.005565s
Mbpp_757.py: 0.004208s
Mbpp_758.py: 0.003941s
Mbpp_760.py: 0.000096s
Mbpp_764.py: 0.040583s
Mbpp_766.py: 0.138900s
Mbpp_775.py: 0.040020s
Mbpp_777.py: 0.004152s
Mbpp_781.py: 0.000359s
Mbpp_800.py: 0.001150s
Mbpp_805.py: 0.005921s
Mbpp_808.py: 0.001508s
