HumanEval_0.py: 0.009447s
Mbpp_3.py: 0.000349s
Mbpp_4.py: 0.000443s
HumanEval_4.py: 0.005215s
HumanEval_9.py: 0.002707s
Mbpp_9.py: 0.000005s
Mbpp_11.py: 0.000114s
Mbpp_12.py: 0.005068s
HumanEval_16.py: 0.004335s
Mbpp_16.py: 0.000061s
Mbpp_19.py: 0.000313s
HumanEval_20.py: 0.001845s
HumanEval_24.py: 0.000076s
HumanEval_26.py: 0.007889s
HumanEval_31.py: 0.000054s
HumanEval_33.py: 0.002327s
HumanEval_34.py: 0.004677s
HumanEval_36.py: 0.022402s
HumanEval_37.py: 0.000715s
HumanEval_49.py: 0.000009s
HumanEval_51.py: 0.001097s
HumanEval_54.py: 0.007650s
HumanEval_58.py: 0.003391s
HumanEval_59.py: 0.000062s
Mbpp_62.py: 0.018306s
HumanEval_64.py: 0.004679s
HumanEval_74.py: 0.003385s
Mbpp_75.py: 0.000150s
HumanEval_85.py: 0.015650s
HumanEval_86.py: 0.439092s
HumanEval_87.py: 0.003975s
Mbpp_88.py: 0.002217s
HumanEval_89.py: 0.001542s
HumanEval_90.py: 0.000854s
Mbpp_90.py: 0.000201s
Mbpp_94.py: 0.000740s
Mbpp_96.py: 0.000043s
Mbpp_97.py: 0.000368s
Mbpp_106.py: 0.000793s
Mbpp_108.py: 0.000452s
Mbpp_111.py: 0.003290s
HumanEval_113.py: 0.316533s
HumanEval_119.py: 0.000578s
HumanEval_120.py: 0.000040s
HumanEval_121.py: 0.003398s
Mbpp_123.py: 0.001444s
Mbpp_128.py: 0.000082s
Mbpp_129.py: 0.014035s
Mbpp_130.py: 0.001073s
Mbpp_137.py: 0.025543s
Mbpp_140.py: 0.003375s
Mbpp_141.py: 0.000016s
HumanEval_149.py: 0.028405s
Mbpp_166.py: 0.000067s
Mbpp_170.py: 0.021682s
Mbpp_226.py: 0.001191s
Mbpp_230.py: 0.000301s
Mbpp_239.py: 0.000379s
Mbpp_240.py: 0.001162s
Mbpp_251.py: 0.000780s
Mbpp_256.py: 0.000495s
Mbpp_265.py: 0.057814s
Mbpp_281.py: 0.000128s
Mbpp_296.py: 0.037361s
Mbpp_308.py: 0.014743s
Mbpp_392.py: 0.000194s
Mbpp_395.py: 0.001100s
Mbpp_405.py: 0.000183s
Mbpp_414.py: 0.000280s
Mbpp_421.py: 0.010709s
Mbpp_424.py: 0.000142s
Mbpp_425.py: 0.002865s
Mbpp_428.py: 0.000907s
Mbpp_433.py: 0.021253s
Mbpp_437.py: 0.001206s
Mbpp_440.py: 0.000025s
Mbpp_446.py: 0.001071s
Mbpp_451.py: 0.001153s
Mbpp_456.py: 0.017536s
Mbpp_460.py: 0.002513s
Mbpp_474.py: 0.000185s
Mbpp_476.py: 0.022028s
Mbpp_477.py: 0.000692s
Mbpp_563.py: 0.001314s
Mbpp_572.py: 0.000795s
Mbpp_578.py: 0.002074s
Mbpp_586.py: 0.000195s
Mbpp_587.py: 0.001235s
Mbpp_588.py: 0.028595s
Mbpp_592.py: 0.002634s
Mbpp_597.py: 0.039841s
Mbpp_604.py: 0.015040s
Mbpp_610.py: 0.009310s
Mbpp_611.py: 0.003246s
Mbpp_631.py: 0.000355s
Mbpp_632.py: 0.008214s
Mbpp_633.py: 0.000939s
Mbpp_644.py: 0.003424s
Mbpp_720.py: 0.009510s
Mbpp_725.py: 0.054345s
Mbpp_732.py: 0.000195s
Mbpp_740.py: 0.001230s
Mbpp_744.py: 0.007460s
Mbpp_750.py: 0.007306s
Mbpp_753.py: 0.044198s
Mbpp_754.py: 0.002373s
Mbpp_755.py: 0.006045s
Mbpp_757.py: 0.004351s
Mbpp_758.py: 0.004905s
Mbpp_760.py: 0.000137s
Mbpp_764.py: 0.041603s
Mbpp_766.py: 0.135863s
Mbpp_775.py: 0.036583s
Mbpp_777.py: 0.004276s
Mbpp_781.py: 0.000350s
Mbpp_800.py: 0.001152s
Mbpp_805.py: 0.005455s
Mbpp_808.py: 0.001522s
