HumanEval_0.py: 0.009145s
Mbpp_3.py: 0.000369s
Mbpp_4.py: 0.000444s
HumanEval_4.py: 0.005453s
HumanEval_9.py: 0.002899s
Mbpp_9.py: 0.000005s
Mbpp_11.py: 0.000121s
Mbpp_12.py: 0.005403s
HumanEval_16.py: 0.004540s
Mbpp_16.py: 0.000062s
Mbpp_19.py: 0.000339s
HumanEval_20.py: 0.001986s
HumanEval_24.py: 0.000076s
HumanEval_26.py: 0.008362s
HumanEval_31.py: 0.000054s
HumanEval_33.py: 0.002565s
HumanEval_34.py: 0.004773s
HumanEval_36.py: 0.022834s
HumanEval_37.py: 0.000775s
HumanEval_49.py: 0.000009s
HumanEval_51.py: 0.001141s
HumanEval_54.py: 0.008041s
HumanEval_58.py: 0.003550s
HumanEval_59.py: 0.000059s
Mbpp_62.py: 0.018934s
HumanEval_64.py: 0.005050s
HumanEval_74.py: 0.003296s
Mbpp_75.py: 0.000125s
HumanEval_85.py: 0.016018s
HumanEval_86.py: 0.459203s
HumanEval_87.py: 0.004184s
Mbpp_88.py: 0.002133s
HumanEval_89.py: 0.001542s
HumanEval_90.py: 0.000825s
Mbpp_90.py: 0.000640s
Mbpp_94.py: 0.000734s
Mbpp_96.py: 0.000040s
Mbpp_97.py: 0.000360s
Mbpp_106.py: 0.000826s
Mbpp_108.py: 0.000472s
Mbpp_111.py: 0.003133s
HumanEval_113.py: 0.327988s
HumanEval_119.py: 0.000617s
HumanEval_120.py: 0.000041s
HumanEval_121.py: 0.003573s
Mbpp_123.py: 0.001478s
Mbpp_128.py: 0.000014s
Mbpp_129.py: 0.013548s
Mbpp_130.py: 0.001066s
Mbpp_137.py: 0.025297s
Mbpp_140.py: 0.003326s
Mbpp_141.py: 0.000016s
HumanEval_149.py: 0.028396s
Mbpp_166.py: 0.000071s
Mbpp_170.py: 0.021063s
Mbpp_226.py: 0.001167s
Mbpp_230.py: 0.000316s
Mbpp_239.py: 0.000368s
Mbpp_240.py: 0.001226s
Mbpp_251.py: 0.000817s
Mbpp_256.py: 0.000492s
Mbpp_265.py: 0.057485s
Mbpp_281.py: 0.000120s
Mbpp_296.py: 0.037380s
Mbpp_308.py: 0.014833s
Mbpp_392.py: 0.000199s
Mbpp_395.py: 0.000978s
Mbpp_405.py: 0.000184s
Mbpp_414.py: 0.000273s
Mbpp_421.py: 0.010455s
Mbpp_424.py: 0.000156s
Mbpp_425.py: 0.002864s
Mbpp_428.py: 0.000914s
Mbpp_433.py: 0.022127s
Mbpp_437.py: 0.001200s
Mbpp_440.py: 0.000024s
Mbpp_446.py: 0.001088s
Mbpp_451.py: 0.001199s
Mbpp_456.py: 0.017355s
Mbpp_460.py: 0.002774s
Mbpp_474.py: 0.000185s
Mbpp_476.py: 0.036187s
Mbpp_477.py: 0.000710s
Mbpp_563.py: 0.001271s
Mbpp_572.py: 0.000789s
Mbpp_578.py: 0.002153s
Mbpp_586.py: 0.000214s
Mbpp_587.py: 0.001199s
Mbpp_588.py: 0.026628s
Mbpp_592.py: 0.002733s
Mbpp_597.py: 0.040994s
Mbpp_604.py: 0.014762s
Mbpp_610.py: 0.015013s
Mbpp_611.py: 0.003520s
Mbpp_631.py: 0.000354s
Mbpp_632.py: 0.008321s
Mbpp_633.py: 0.000927s
Mbpp_644.py: 0.004677s
Mbpp_720.py: 0.010613s
Mbpp_725.py: 0.055795s
Mbpp_732.py: 0.000184s
Mbpp_740.py: 0.001379s
Mbpp_744.py: 0.007456s
Mbpp_750.py: 0.008247s
Mbpp_753.py: 0.043970s
Mbpp_754.py: 0.002406s
Mbpp_755.py: 0.006187s
Mbpp_757.py: 0.004330s
Mbpp_758.py: 0.004224s
Mbpp_760.py: 0.000093s
Mbpp_764.py: 0.041776s
Mbpp_766.py: 0.137088s
Mbpp_775.py: 0.037172s
Mbpp_777.py: 0.004076s
Mbpp_781.py: 0.000345s
Mbpp_800.py: 0.001095s
Mbpp_805.py: 0.005751s
Mbpp_808.py: 0.001708s
