HumanEval_0.py: 0.010333s
Mbpp_3.py: 0.000355s
Mbpp_4.py: 0.000455s
HumanEval_4.py: 0.005420s
HumanEval_9.py: 0.002879s
Mbpp_9.py: 0.000005s
Mbpp_11.py: 0.000119s
Mbpp_12.py: 0.005520s
HumanEval_16.py: 0.004566s
Mbpp_16.py: 0.000067s
Mbpp_19.py: 0.000374s
HumanEval_20.py: 0.001880s
HumanEval_24.py: 0.000076s
HumanEval_26.py: 0.008449s
HumanEval_31.py: 0.000053s
HumanEval_33.py: 0.002367s
HumanEval_34.py: 0.004664s
HumanEval_36.py: 0.023087s
HumanEval_37.py: 0.000737s
HumanEval_49.py: 0.000010s
HumanEval_51.py: 0.001163s
HumanEval_54.py: 0.008127s
HumanEval_58.py: 0.003438s
HumanEval_59.py: 0.000059s
Mbpp_62.py: 0.018717s
HumanEval_64.py: 0.005036s
HumanEval_74.py: 0.003037s
Mbpp_75.py: 0.000115s
HumanEval_85.py: 0.015356s
HumanEval_86.py: 0.472210s
HumanEval_87.py: 0.004197s
Mbpp_88.py: 0.002138s
HumanEval_89.py: 0.001538s
HumanEval_90.py: 0.000816s
Mbpp_90.py: 0.000620s
Mbpp_94.py: 0.000720s
Mbpp_96.py: 0.000039s
Mbpp_97.py: 0.000302s
Mbpp_106.py: 0.000840s
Mbpp_108.py: 0.000473s
Mbpp_111.py: 0.003158s
HumanEval_113.py: 0.326503s
HumanEval_119.py: 0.000618s
HumanEval_120.py: 0.000041s
HumanEval_121.py: 0.003498s
Mbpp_123.py: 0.001479s
Mbpp_128.py: 0.000013s
Mbpp_129.py: 0.013568s
Mbpp_130.py: 0.001101s
Mbpp_137.py: 0.025110s
Mbpp_140.py: 0.003337s
Mbpp_141.py: 0.000015s
HumanEval_149.py: 0.027913s
Mbpp_166.py: 0.000071s
Mbpp_170.py: 0.021505s
Mbpp_226.py: 0.001187s
Mbpp_230.py: 0.000286s
Mbpp_239.py: 0.000383s
Mbpp_240.py: 0.001216s
Mbpp_251.py: 0.000770s
Mbpp_256.py: 0.000477s
Mbpp_265.py: 0.056065s
Mbpp_281.py: 0.000116s
Mbpp_296.py: 0.035572s
Mbpp_308.py: 0.013819s
Mbpp_392.py: 0.000198s
Mbpp_395.py: 0.001067s
Mbpp_405.py: 0.000174s
Mbpp_414.py: 0.000265s
Mbpp_421.py: 0.009213s
Mbpp_424.py: 0.000140s
Mbpp_425.py: 0.002727s
Mbpp_428.py: 0.000879s
Mbpp_433.py: 0.021894s
Mbpp_437.py: 0.001192s
Mbpp_440.py: 0.000024s
Mbpp_446.py: 0.001087s
Mbpp_451.py: 0.001113s
Mbpp_456.py: 0.017569s
Mbpp_460.py: 0.001661s
Mbpp_474.py: 0.000177s
Mbpp_476.py: 0.022388s
Mbpp_477.py: 0.000705s
Mbpp_563.py: 0.001336s
Mbpp_572.py: 0.000815s
Mbpp_578.py: 0.002113s
Mbpp_586.py: 0.000197s
Mbpp_587.py: 0.001249s
Mbpp_588.py: 0.028900s
Mbpp_592.py: 0.002724s
Mbpp_597.py: 0.041171s
Mbpp_604.py: 0.015279s
Mbpp_610.py: 0.009258s
Mbpp_611.py: 0.003340s
Mbpp_631.py: 0.000377s
Mbpp_632.py: 0.008146s
Mbpp_633.py: 0.000922s
Mbpp_644.py: 0.003312s
Mbpp_720.py: 0.009766s
Mbpp_725.py: 0.055132s
Mbpp_732.py: 0.000198s
Mbpp_740.py: 0.001231s
Mbpp_744.py: 0.007974s
Mbpp_750.py: 0.007208s
Mbpp_753.py: 0.044018s
Mbpp_754.py: 0.002313s
Mbpp_755.py: 0.006143s
Mbpp_757.py: 0.004253s
Mbpp_758.py: 0.003799s
Mbpp_760.py: 0.000095s
Mbpp_764.py: 0.041907s
Mbpp_766.py: 0.165492s
Mbpp_775.py: 0.040011s
Mbpp_777.py: 0.004217s
Mbpp_781.py: 0.000364s
Mbpp_800.py: 0.001153s
Mbpp_805.py: 0.005855s
Mbpp_808.py: 0.001798s
