HumanEval_0.py: 0.009143s
Mbpp_3.py: 0.000352s
Mbpp_4.py: 0.000455s
HumanEval_4.py: 0.005481s
HumanEval_9.py: 0.002904s
Mbpp_9.py: 0.000005s
Mbpp_11.py: 0.000110s
Mbpp_12.py: 0.005265s
HumanEval_16.py: 0.004496s
Mbpp_16.py: 0.000065s
Mbpp_19.py: 0.000325s
HumanEval_20.py: 0.001922s
HumanEval_24.py: 0.000078s
HumanEval_26.py: 0.008407s
HumanEval_31.py: 0.000054s
HumanEval_33.py: 0.002527s
HumanEval_34.py: 0.004762s
HumanEval_36.py: 0.022680s
HumanEval_37.py: 0.000770s
HumanEval_49.py: 0.000016s
HumanEval_51.py: 0.001174s
HumanEval_54.py: 0.008000s
HumanEval_58.py: 0.003492s
HumanEval_59.py: 0.000059s
Mbpp_62.py: 0.019053s
HumanEval_64.py: 0.004892s
HumanEval_74.py: 0.003403s
Mbpp_75.py: 0.000119s
HumanEval_85.py: 0.016041s
HumanEval_86.py: 0.459844s
HumanEval_87.py: 0.004248s
Mbpp_88.py: 0.002133s
HumanEval_89.py: 0.001550s
HumanEval_90.py: 0.000860s
Mbpp_90.py: 0.000207s
Mbpp_94.py: 0.000698s
Mbpp_96.py: 0.000040s
Mbpp_97.py: 0.000363s
Mbpp_106.py: 0.000906s
Mbpp_108.py: 0.000482s
Mbpp_111.py: 0.003723s
HumanEval_113.py: 0.326239s
HumanEval_119.py: 0.000596s
HumanEval_120.py: 0.000042s
HumanEval_121.py: 0.003613s
Mbpp_123.py: 0.001458s
Mbpp_128.py: 0.000014s
Mbpp_129.py: 0.016113s
Mbpp_130.py: 0.001114s
Mbpp_137.py: 0.024219s
Mbpp_140.py: 0.003230s
Mbpp_141.py: 0.000015s
HumanEval_149.py: 0.028172s
Mbpp_166.py: 0.000085s
Mbpp_170.py: 0.021704s
Mbpp_226.py: 0.001231s
Mbpp_230.py: 0.000312s
Mbpp_239.py: 0.000365s
Mbpp_240.py: 0.001184s
Mbpp_251.py: 0.000792s
Mbpp_256.py: 0.000470s
Mbpp_265.py: 0.057378s
Mbpp_281.py: 0.000123s
Mbpp_296.py: 0.037037s
Mbpp_308.py: 0.014478s
Mbpp_392.py: 0.000195s
Mbpp_395.py: 0.001081s
Mbpp_405.py: 0.000183s
Mbpp_414.py: 0.000271s
Mbpp_421.py: 0.010600s
Mbpp_424.py: 0.000194s
Mbpp_425.py: 0.002919s
Mbpp_428.py: 0.000905s
Mbpp_433.py: 0.022449s
Mbpp_437.py: 0.001238s
Mbpp_440.py: 0.000030s
Mbpp_446.py: 0.001095s
Mbpp_451.py: 0.001184s
Mbpp_456.py: 0.017884s
Mbpp_460.py: 0.002542s
Mbpp_474.py: 0.000171s
Mbpp_476.py: 0.037744s
Mbpp_477.py: 0.000728s
Mbpp_563.py: 0.001530s
Mbpp_572.py: 0.000856s
Mbpp_578.py: 0.002092s
Mbpp_586.py: 0.000226s
Mbpp_587.py: 0.001277s
Mbpp_588.py: 0.032219s
Mbpp_592.py: 0.002731s
Mbpp_597.py: 0.045446s
Mbpp_604.py: 0.015914s
Mbpp_610.py: 0.010899s
Mbpp_611.py: 0.003516s
Mbpp_631.py: 0.000379s
Mbpp_632.py: 0.008226s
Mbpp_633.py: 0.000944s
Mbpp_644.py: 0.003666s
Mbpp_720.py: 0.011041s
Mbpp_725.py: 0.055580s
Mbpp_732.py: 0.000220s
Mbpp_740.py: 0.001257s
Mbpp_744.py: 0.007731s
Mbpp_750.py: 0.007363s
Mbpp_753.py: 0.042311s
Mbpp_754.py: 0.002265s
Mbpp_755.py: 0.005994s
Mbpp_757.py: 0.003995s
Mbpp_758.py: 0.004067s
Mbpp_760.py: 0.000092s
Mbpp_764.py: 0.042151s
Mbpp_766.py: 0.148407s
Mbpp_775.py: 0.038445s
Mbpp_777.py: 0.004020s
Mbpp_781.py: 0.000351s
Mbpp_800.py: 0.001192s
Mbpp_805.py: 0.005598s
Mbpp_808.py: 0.001432s
