HumanEval_0.py: 0.008949s
Mbpp_3.py: 0.000354s
Mbpp_4.py: 0.000452s
HumanEval_4.py: 0.005325s
HumanEval_9.py: 0.002856s
Mbpp_9.py: 0.000005s
Mbpp_11.py: 0.000117s
Mbpp_12.py: 0.005244s
HumanEval_16.py: 0.004406s
Mbpp_16.py: 0.000059s
Mbpp_19.py: 0.000342s
HumanEval_20.py: 0.001884s
HumanEval_24.py: 0.000076s
HumanEval_26.py: 0.008154s
HumanEval_31.py: 0.000053s
HumanEval_33.py: 0.002487s
HumanEval_34.py: 0.004828s
HumanEval_36.py: 0.022453s
HumanEval_37.py: 0.000754s
HumanEval_49.py: 0.000010s
HumanEval_51.py: 0.001141s
HumanEval_54.py: 0.007899s
HumanEval_58.py: 0.003506s
HumanEval_59.py: 0.000066s
Mbpp_62.py: 0.018974s
HumanEval_64.py: 0.004853s
HumanEval_74.py: 0.003144s
Mbpp_75.py: 0.000115s
HumanEval_85.py: 0.015970s
HumanEval_86.py: 0.454560s
HumanEval_87.py: 0.004117s
Mbpp_88.py: 0.002110s
HumanEval_89.py: 0.001487s
HumanEval_90.py: 0.000829s
Mbpp_90.py: 0.000590s
Mbpp_94.py: 0.000708s
Mbpp_96.py: 0.000054s
Mbpp_97.py: 0.000333s
Mbpp_106.py: 0.000832s
Mbpp_108.py: 0.000496s
Mbpp_111.py: 0.003124s
HumanEval_113.py: 0.322154s
HumanEval_119.py: 0.000574s
HumanEval_120.py: 0.000041s
HumanEval_121.py: 0.003438s
Mbpp_123.py: 0.001521s
Mbpp_128.py: 0.000015s
Mbpp_129.py: 0.013651s
Mbpp_130.py: 0.001014s
Mbpp_137.py: 0.025955s
Mbpp_140.py: 0.003708s
Mbpp_141.py: 0.000016s
HumanEval_149.py: 0.028395s
Mbpp_166.py: 0.000070s
Mbpp_170.py: 0.023987s
Mbpp_226.py: 0.001165s
Mbpp_230.py: 0.000309s
Mbpp_239.py: 0.000384s
Mbpp_240.py: 0.001213s
Mbpp_251.py: 0.000867s
Mbpp_256.py: 0.000508s
Mbpp_265.py: 0.062905s
Mbpp_281.py: 0.000124s
Mbpp_296.py: 0.037646s
Mbpp_308.py: 0.014344s
Mbpp_392.py: 0.000199s
Mbpp_395.py: 0.001069s
Mbpp_405.py: 0.000185s
Mbpp_414.py: 0.000279s
Mbpp_421.py: 0.009987s
Mbpp_424.py: 0.000161s
Mbpp_425.py: 0.002838s
Mbpp_428.py: 0.000889s
Mbpp_433.py: 0.021971s
Mbpp_437.py: 0.001144s
Mbpp_440.py: 0.000023s
Mbpp_446.py: 0.001085s
Mbpp_451.py: 0.001154s
Mbpp_456.py: 0.017420s
Mbpp_460.py: 0.002454s
Mbpp_474.py: 0.000185s
Mbpp_476.py: 0.025074s
Mbpp_477.py: 0.000701s
Mbpp_563.py: 0.001277s
Mbpp_572.py: 0.000763s
Mbpp_578.py: 0.002073s
Mbpp_586.py: 0.000189s
Mbpp_587.py: 0.001283s
Mbpp_588.py: 0.027000s
Mbpp_592.py: 0.002644s
Mbpp_597.py: 0.040376s
Mbpp_604.py: 0.014711s
Mbpp_610.py: 0.009873s
Mbpp_611.py: 0.003306s
Mbpp_631.py: 0.000389s
Mbpp_632.py: 0.008022s
Mbpp_633.py: 0.000925s
Mbpp_644.py: 0.003317s
Mbpp_720.py: 0.009359s
Mbpp_725.py: 0.053170s
Mbpp_732.py: 0.000197s
Mbpp_740.py: 0.001268s
Mbpp_744.py: 0.007493s
Mbpp_750.py: 0.008609s
Mbpp_753.py: 0.047153s
Mbpp_754.py: 0.002366s
Mbpp_755.py: 0.006553s
Mbpp_757.py: 0.004325s
Mbpp_758.py: 0.004704s
Mbpp_760.py: 0.000133s
Mbpp_764.py: 0.042166s
Mbpp_766.py: 0.153083s
Mbpp_775.py: 0.038790s
Mbpp_777.py: 0.004249s
Mbpp_781.py: 0.000327s
Mbpp_800.py: 0.001183s
Mbpp_805.py: 0.005512s
Mbpp_808.py: 0.001678s
