HumanEval_0.py: 0.000170s
HumanEval_1.py: 0.000642s
HumanEval_2.py: 0.000019s
HumanEval_3.py: 0.000045s
HumanEval_4.py: 0.000141s
HumanEval_7.py: 0.000044s
HumanEval_8.py: 0.000040s
HumanEval_9.py: 0.000058s
HumanEval_10.py: 0.000098s
HumanEval_11.py: 0.000115s
HumanEval_12.py: 0.000047s
HumanEval_13.py: 0.000019s
HumanEval_14.py: 0.000055s
HumanEval_15.py: 0.000101s
HumanEval_16.py: 0.000061s
HumanEval_18.py: 0.000108s
HumanEval_19.py: 0.000160s
HumanEval_20.py: 0.000189s
HumanEval_21.py: 0.000126s
HumanEval_22.py: 0.000063s
HumanEval_23.py: 0.000015s
HumanEval_24.py: 0.000097s
HumanEval_25.py: 0.000203s
HumanEval_27.py: 0.000372s
HumanEval_28.py: 0.000020s
HumanEval_29.py: 0.000039s
HumanEval_30.py: 0.000041s
HumanEval_31.py: 0.000106s
HumanEval_34.py: 0.000016s
HumanEval_35.py: 0.000017s
HumanEval_37.py: 0.000171s
HumanEval_38.py: 0.052743s
HumanEval_40.py: 0.000375s
HumanEval_41.py: 0.000030s
HumanEval_42.py: 0.000032s
HumanEval_43.py: 0.000229s
HumanEval_44.py: 0.000279s
HumanEval_45.py: 0.000010s
HumanEval_46.py: 0.000138s
HumanEval_47.py: 0.000062s
HumanEval_49.py: 0.000113s
HumanEval_50.py: 0.067118s
HumanEval_51.py: 0.000186s
HumanEval_52.py: 0.000120s
HumanEval_53.py: 0.005737s
HumanEval_55.py: 0.000050s
HumanEval_56.py: 0.000153s
HumanEval_57.py: 0.000376s
HumanEval_58.py: 0.000060s
HumanEval_60.py: 0.000018s
HumanEval_61.py: 0.000148s
HumanEval_62.py: 0.000068s
HumanEval_63.py: 0.000196s
HumanEval_66.py: 0.000304s
HumanEval_67.py: 0.000074s
HumanEval_68.py: 0.000102s
HumanEval_70.py: 0.000326s
HumanEval_71.py: 0.000091s
HumanEval_73.py: 0.000088s
HumanEval_74.py: 0.000333s
HumanEval_76.py: 0.000057s
HumanEval_78.py: 0.000176s
HumanEval_80.py: 0.000117s
HumanEval_81.py: 0.000123s
HumanEval_82.py: 0.000206s
HumanEval_85.py: 0.000082s
HumanEval_86.py: 0.000272s
HumanEval_87.py: 0.000328s
HumanEval_88.py: 0.000073s
HumanEval_90.py: 0.000099s
HumanEval_92.py: 0.000085s
HumanEval_95.py: 0.000313s
HumanEval_96.py: 0.000772s
HumanEval_97.py: 0.000056s
HumanEval_98.py: 0.000064s
HumanEval_101.py: 0.000174s
HumanEval_102.py: 0.000033s
HumanEval_103.py: 0.000112s
HumanEval_104.py: 0.000332s
HumanEval_105.py: 0.000159s
HumanEval_107.py: 0.000982s
HumanEval_109.py: 0.000106s
HumanEval_111.py: 0.000655s
HumanEval_112.py: 0.000170s
HumanEval_113.py: 0.000209s
HumanEval_116.py: 0.000477s
HumanEval_117.py: 0.000675s
HumanEval_120.py: 0.000115s
HumanEval_121.py: 0.000147s
HumanEval_122.py: 0.000096s
HumanEval_124.py: 0.000175s
HumanEval_125.py: 0.000221s
HumanEval_128.py: 0.000069s
HumanEval_131.py: 0.000067s
HumanEval_135.py: 0.000053s
HumanEval_136.py: 0.000117s
HumanEval_138.py: 0.000027s
HumanEval_139.py: 0.000138s
HumanEval_141.py: 0.000954s
HumanEval_142.py: 0.000375s
HumanEval_143.py: 0.000431s
HumanEval_144.py: 0.000235s
HumanEval_146.py: 0.000286s
HumanEval_147.py: 0.267415s
HumanEval_148.py: 0.000093s
HumanEval_149.py: 0.000262s
HumanEval_150.py: 0.000110s
HumanEval_151.py: 0.000983s
HumanEval_152.py: 0.000113s
HumanEval_153.py: 0.001874s
HumanEval_155.py: 0.000205s
HumanEval_156.py: 0.000359s
HumanEval_157.py: 0.000063s
HumanEval_158.py: 0.000229s
HumanEval_161.py: 0.000614s
HumanEval_162.py: 0.000086s
