HumanEval_0.py: 0.000177s
HumanEval_1.py: 0.000632s
HumanEval_2.py: 0.000019s
HumanEval_3.py: 0.000044s
HumanEval_4.py: 0.000145s
HumanEval_7.py: 0.000044s
HumanEval_8.py: 0.000041s
HumanEval_9.py: 0.000057s
HumanEval_10.py: 0.000097s
HumanEval_11.py: 0.000114s
HumanEval_12.py: 0.000047s
HumanEval_13.py: 0.000019s
HumanEval_14.py: 0.000056s
HumanEval_15.py: 0.000106s
HumanEval_16.py: 0.000061s
HumanEval_18.py: 0.000108s
HumanEval_19.py: 0.000161s
HumanEval_20.py: 0.000189s
HumanEval_21.py: 0.000130s
HumanEval_22.py: 0.000063s
HumanEval_23.py: 0.000015s
HumanEval_24.py: 0.000098s
HumanEval_25.py: 0.000203s
HumanEval_27.py: 0.000371s
HumanEval_28.py: 0.000020s
HumanEval_29.py: 0.000040s
HumanEval_30.py: 0.000040s
HumanEval_31.py: 0.000103s
HumanEval_34.py: 0.000016s
HumanEval_35.py: 0.000017s
HumanEval_37.py: 0.000169s
HumanEval_38.py: 0.054057s
HumanEval_40.py: 0.000393s
HumanEval_41.py: 0.000030s
HumanEval_42.py: 0.000032s
HumanEval_43.py: 0.000225s
HumanEval_44.py: 0.000283s
HumanEval_45.py: 0.000010s
HumanEval_46.py: 0.000140s
HumanEval_47.py: 0.000062s
HumanEval_49.py: 0.000095s
HumanEval_50.py: 0.069043s
HumanEval_51.py: 0.000172s
HumanEval_52.py: 0.000119s
HumanEval_53.py: 0.005760s
HumanEval_55.py: 0.000050s
HumanEval_56.py: 0.000142s
HumanEval_57.py: 0.000387s
HumanEval_58.py: 0.000061s
HumanEval_60.py: 0.000018s
HumanEval_61.py: 0.000142s
HumanEval_62.py: 0.000069s
HumanEval_63.py: 0.000195s
HumanEval_66.py: 0.000303s
HumanEval_67.py: 0.000074s
HumanEval_68.py: 0.000102s
HumanEval_70.py: 0.000333s
HumanEval_71.py: 0.000095s
HumanEval_73.py: 0.000090s
HumanEval_74.py: 0.000331s
HumanEval_76.py: 0.000059s
HumanEval_78.py: 0.000174s
HumanEval_80.py: 0.000120s
HumanEval_81.py: 0.000129s
HumanEval_82.py: 0.000208s
HumanEval_85.py: 0.000085s
HumanEval_86.py: 0.000267s
HumanEval_87.py: 0.000332s
HumanEval_88.py: 0.000074s
HumanEval_90.py: 0.000098s
HumanEval_92.py: 0.000084s
HumanEval_95.py: 0.000314s
HumanEval_96.py: 0.000780s
HumanEval_97.py: 0.000058s
HumanEval_98.py: 0.000065s
HumanEval_101.py: 0.000177s
HumanEval_102.py: 0.000033s
HumanEval_103.py: 0.000114s
HumanEval_104.py: 0.000333s
HumanEval_105.py: 0.000158s
HumanEval_107.py: 0.000935s
HumanEval_109.py: 0.000105s
HumanEval_111.py: 0.000658s
HumanEval_112.py: 0.000168s
HumanEval_113.py: 0.000206s
HumanEval_116.py: 0.000478s
HumanEval_117.py: 0.000674s
HumanEval_120.py: 0.000115s
HumanEval_121.py: 0.000147s
HumanEval_122.py: 0.000095s
HumanEval_124.py: 0.000180s
HumanEval_125.py: 0.000227s
HumanEval_128.py: 0.000068s
HumanEval_131.py: 0.000068s
HumanEval_135.py: 0.000053s
HumanEval_136.py: 0.000118s
HumanEval_138.py: 0.000026s
HumanEval_139.py: 0.000140s
HumanEval_141.py: 0.000956s
HumanEval_142.py: 0.000378s
HumanEval_143.py: 0.000435s
HumanEval_144.py: 0.000238s
HumanEval_146.py: 0.000290s
HumanEval_147.py: 0.258458s
HumanEval_148.py: 0.000092s
HumanEval_149.py: 0.000251s
HumanEval_150.py: 0.000108s
HumanEval_151.py: 0.000954s
HumanEval_152.py: 0.000118s
HumanEval_153.py: 0.001753s
HumanEval_155.py: 0.000204s
HumanEval_156.py: 0.000326s
HumanEval_157.py: 0.000064s
HumanEval_158.py: 0.000218s
HumanEval_161.py: 0.000614s
HumanEval_162.py: 0.000085s
