HumanEval_0.py: 0.000172s
HumanEval_1.py: 0.000624s
HumanEval_2.py: 0.000019s
HumanEval_3.py: 0.000046s
HumanEval_4.py: 0.000147s
HumanEval_7.py: 0.000044s
HumanEval_8.py: 0.000041s
HumanEval_9.py: 0.000058s
HumanEval_10.py: 0.000099s
HumanEval_11.py: 0.000115s
HumanEval_12.py: 0.000047s
HumanEval_13.py: 0.000019s
HumanEval_14.py: 0.000056s
HumanEval_15.py: 0.000105s
HumanEval_16.py: 0.000060s
HumanEval_18.py: 0.000109s
HumanEval_19.py: 0.000163s
HumanEval_20.py: 0.000194s
HumanEval_21.py: 0.000127s
HumanEval_22.py: 0.000061s
HumanEval_23.py: 0.000015s
HumanEval_24.py: 0.000103s
HumanEval_25.py: 0.000209s
HumanEval_27.py: 0.000370s
HumanEval_28.py: 0.000020s
HumanEval_29.py: 0.000039s
HumanEval_30.py: 0.000040s
HumanEval_31.py: 0.000107s
HumanEval_34.py: 0.000016s
HumanEval_35.py: 0.000017s
HumanEval_37.py: 0.000169s
HumanEval_38.py: 0.053666s
HumanEval_40.py: 0.000385s
HumanEval_41.py: 0.000030s
HumanEval_42.py: 0.000032s
HumanEval_43.py: 0.000229s
HumanEval_44.py: 0.000286s
HumanEval_45.py: 0.000010s
HumanEval_46.py: 0.000138s
HumanEval_47.py: 0.000064s
HumanEval_49.py: 0.000096s
HumanEval_50.py: 0.070331s
HumanEval_51.py: 0.000172s
HumanEval_52.py: 0.000117s
HumanEval_53.py: 0.005733s
HumanEval_55.py: 0.000051s
HumanEval_56.py: 0.000142s
HumanEval_57.py: 0.000382s
HumanEval_58.py: 0.000061s
HumanEval_60.py: 0.000018s
HumanEval_61.py: 0.000143s
HumanEval_62.py: 0.000067s
HumanEval_63.py: 0.000199s
HumanEval_66.py: 0.000305s
HumanEval_67.py: 0.000076s
HumanEval_68.py: 0.000103s
HumanEval_70.py: 0.000329s
HumanEval_71.py: 0.000091s
HumanEval_73.py: 0.000088s
HumanEval_74.py: 0.000323s
HumanEval_76.py: 0.000057s
HumanEval_78.py: 0.000175s
HumanEval_80.py: 0.000116s
HumanEval_81.py: 0.000124s
HumanEval_82.py: 0.000205s
HumanEval_85.py: 0.000084s
HumanEval_86.py: 0.000270s
HumanEval_87.py: 0.000329s
HumanEval_88.py: 0.000068s
HumanEval_90.py: 0.000098s
HumanEval_92.py: 0.000083s
HumanEval_95.py: 0.000314s
HumanEval_96.py: 0.000782s
HumanEval_97.py: 0.000055s
HumanEval_98.py: 0.000064s
HumanEval_101.py: 0.000174s
HumanEval_102.py: 0.000032s
HumanEval_103.py: 0.000114s
HumanEval_104.py: 0.000338s
HumanEval_105.py: 0.000160s
HumanEval_107.py: 0.000940s
HumanEval_109.py: 0.000106s
HumanEval_111.py: 0.000658s
HumanEval_112.py: 0.000166s
HumanEval_113.py: 0.000210s
HumanEval_116.py: 0.000476s
HumanEval_117.py: 0.000672s
HumanEval_120.py: 0.000115s
HumanEval_121.py: 0.000148s
HumanEval_122.py: 0.000093s
HumanEval_124.py: 0.000179s
HumanEval_125.py: 0.000226s
HumanEval_128.py: 0.000067s
HumanEval_131.py: 0.000071s
HumanEval_135.py: 0.000054s
HumanEval_136.py: 0.000115s
HumanEval_138.py: 0.000027s
HumanEval_139.py: 0.000139s
HumanEval_141.py: 0.000942s
HumanEval_142.py: 0.000376s
HumanEval_143.py: 0.000429s
HumanEval_144.py: 0.000241s
HumanEval_146.py: 0.000281s
HumanEval_147.py: 0.269449s
HumanEval_148.py: 0.000094s
HumanEval_149.py: 0.000259s
HumanEval_150.py: 0.000115s
HumanEval_151.py: 0.000978s
HumanEval_152.py: 0.000112s
HumanEval_153.py: 0.001853s
HumanEval_155.py: 0.000202s
HumanEval_156.py: 0.000344s
HumanEval_157.py: 0.000062s
HumanEval_158.py: 0.000220s
HumanEval_161.py: 0.000624s
HumanEval_162.py: 0.000083s
