HumanEval_0.py: 0.000401s
HumanEval_1.py: 0.000411s
HumanEval_2.py: 0.000018s
HumanEval_3.py: 0.000045s
HumanEval_4.py: 0.000146s
HumanEval_7.py: 0.000055s
HumanEval_8.py: 0.000030s
HumanEval_9.py: 0.000104s
HumanEval_10.py: 0.000077s
HumanEval_11.py: 0.000087s
HumanEval_12.py: 0.000056s
HumanEval_13.py: 0.000028s
HumanEval_14.py: 0.000065s
HumanEval_15.py: 0.000057s
HumanEval_16.py: 0.000180s
HumanEval_18.py: 0.000111s
HumanEval_19.py: 0.000224s
HumanEval_20.py: 0.000612s
HumanEval_21.py: 0.000128s
HumanEval_22.py: 0.000073s
HumanEval_23.py: 0.000016s
HumanEval_24.py: 0.000096s
HumanEval_25.py: 0.000208s
HumanEval_27.py: 0.000286s
HumanEval_28.py: 0.000020s
HumanEval_29.py: 0.000045s
HumanEval_30.py: 0.000044s
HumanEval_31.py: 0.010078s
HumanEval_32.py: 0.285418s
HumanEval_34.py: 0.000018s
HumanEval_35.py: 0.000018s
HumanEval_37.py: 0.000226s
HumanEval_38.py: 0.052821s
HumanEval_40.py: 0.000390s
HumanEval_41.py: 0.000031s
HumanEval_42.py: 0.000032s
HumanEval_43.py: 0.000293s
HumanEval_44.py: 0.000125s
HumanEval_45.py: 0.000012s
HumanEval_46.py: 0.000178s
HumanEval_47.py: 0.000082s
HumanEval_48.py: 0.000103s
HumanEval_49.py: 0.000863s
HumanEval_50.py: 0.070738s
HumanEval_51.py: 0.000242s
HumanEval_52.py: 0.000033s
HumanEval_53.py: 0.005945s
HumanEval_54.py: 0.000068s
HumanEval_55.py: 0.002884s
HumanEval_56.py: 0.000145s
HumanEval_57.py: 0.000088s
HumanEval_58.py: 0.000129s
HumanEval_60.py: 0.000098s
HumanEval_61.py: 0.000145s
HumanEval_62.py: 0.000079s
HumanEval_63.py: 0.000276s
HumanEval_65.py: 0.000062s
HumanEval_66.py: 0.000418s
HumanEval_67.py: 0.000272s
HumanEval_68.py: 0.000287s
HumanEval_70.py: 0.000545s
HumanEval_71.py: 0.000095s
HumanEval_73.py: 0.000117s
HumanEval_74.py: 0.000135s
HumanEval_76.py: 0.000095s
HumanEval_78.py: 0.000144s
HumanEval_80.py: 0.000119s
HumanEval_81.py: 0.000131s
HumanEval_82.py: 0.000131s
HumanEval_83.py: 0.000030s
HumanEval_84.py: 0.000150s
HumanEval_85.py: 0.000047s
HumanEval_86.py: 0.000349s
HumanEval_87.py: 0.000584s
HumanEval_88.py: 0.000092s
HumanEval_89.py: 0.000468s
HumanEval_90.py: 0.000103s
HumanEval_92.py: 0.000086s
HumanEval_93.py: 0.000504s
HumanEval_95.py: 0.000236s
HumanEval_96.py: 0.001637s
HumanEval_97.py: 0.000059s
HumanEval_98.py: 0.000066s
HumanEval_100.py: 0.000070s
HumanEval_101.py: 0.000415s
HumanEval_102.py: 0.000028s
HumanEval_103.py: 0.001045s
HumanEval_104.py: 0.000370s
HumanEval_105.py: 0.000140s
HumanEval_106.py: 0.000112s
HumanEval_107.py: 0.001818s
HumanEval_109.py: 0.000192s
HumanEval_110.py: 0.000082s
HumanEval_111.py: 0.000308s
HumanEval_112.py: 0.000095s
HumanEval_113.py: 0.000255s
HumanEval_116.py: 0.000558s
HumanEval_117.py: 0.000558s
HumanEval_118.py: 0.000156s
HumanEval_120.py: 0.000108s
HumanEval_121.py: 0.000091s
HumanEval_122.py: 0.000098s
HumanEval_124.py: 0.000185s
HumanEval_125.py: 0.000197s
HumanEval_126.py: 0.000214s
HumanEval_128.py: 0.000336s
HumanEval_130.py: 0.000300s
HumanEval_131.py: 0.000099s
HumanEval_135.py: 0.000057s
HumanEval_136.py: 0.000118s
HumanEval_138.py: 0.042002s
HumanEval_139.py: 0.000037s
HumanEval_140.py: 0.000431s
HumanEval_141.py: 0.000726s
HumanEval_142.py: 0.000633s
HumanEval_143.py: 0.000459s
HumanEval_144.py: 0.000223s
HumanEval_145.py: 0.000844s
HumanEval_146.py: 0.000117s
HumanEval_147.py: 0.296382s
HumanEval_148.py: 0.000077s
HumanEval_149.py: 0.000247s
HumanEval_150.py: 0.006572s
HumanEval_151.py: 0.000717s
HumanEval_152.py: 0.000105s
HumanEval_153.py: 0.002657s
HumanEval_155.py: 0.000126s
HumanEval_156.py: 0.000195s
HumanEval_157.py: 0.000268s
HumanEval_158.py: 0.000401s
HumanEval_159.py: 0.000026s
HumanEval_160.py: 0.000296s
HumanEval_161.py: 0.000285s
HumanEval_162.py: 0.000085s
