enc_86.py: 0.59375 MB
enc_136.py: 0.62109375 MB
enc_128.py: 0.5703125 MB
enc_163.py: 0.6015625 MB
enc_150.py: 0.6171875 MB
enc_149.py: 0.578125 MB
enc_54.py: 0.5625 MB
enc_116.py: 0.59375 MB
enc_28.py: 0.6015625 MB
enc_7.py: 0.640625 MB
enc_42.py: 0.484375 MB
enc_69.py: 0.53125 MB
enc_30.py: 0.63671875 MB
enc_1.py: 0.578125 MB
enc_35.py: 0.609375 MB
enc_74.py: 0.6015625 MB
enc_103.py: 0.5703125 MB
enc_41.py: 0.578125 MB
enc_97.py: 0.00390625 MB
enc_12.py: 0.58984375 MB
enc_147.py: 0.578125 MB
enc_134.py: 0.00390625 MB
enc_55.py: 0.5703125 MB
enc_4.py: 0.57421875 MB
enc_51.py: 0.6171875 MB
enc_98.py: 0.5234375 MB
enc_114.py: 0.62890625 MB
enc_33.py: 0.60546875 MB
enc_87.py: 0.57421875 MB
enc_61.py: 0.57421875 MB
enc_9.py: 0.609375 MB
enc_62.py: 0.5625 MB
enc_71.py: 0.00390625 MB
enc_111.py: 0.609375 MB
enc_10.py: 0.53125 MB
enc_59.py: 0.58984375 MB
enc_47.py: 0.5859375 MB
enc_160.py: 0.60546875 MB
enc_155.py: 0.6015625 MB
enc_123.py: 0.625 MB
enc_92.py: 0.57421875 MB
enc_8.py: 0.5703125 MB
enc_89.py: 0.60546875 MB
enc_58.py: 0.625 MB
enc_53.py: 0.5 MB
enc_44.py: 0.6015625 MB
enc_49.py: 0.61328125 MB
enc_2.py: 0.5546875 MB
enc_15.py: 0.00390625 MB
enc_25.py: 0.60546875 MB
enc_32.py: 0.6171875 MB
enc_31.py: 0.55859375 MB
enc_27.py: 0.578125 MB
enc_93.py: 0.00390625 MB
enc_84.py: 0.58984375 MB
enc_56.py: 0.578125 MB
enc_152.py: 0.58203125 MB
enc_72.py: 0.54296875 MB
enc_126.py: 0.56640625 MB
enc_132.py: 0.57421875 MB
enc_66.py: 0.60546875 MB
enc_118.py: 0.59765625 MB
enc_79.py: 0.5859375 MB
enc_11.py: 0.00390625 MB
enc_85.py: 0.5859375 MB
enc_60.py: 0.5703125 MB
enc_113.py: 0.58984375 MB
enc_146.py: 0.59375 MB
enc_90.py: 0.56640625 MB
enc_0.py: 0.00390625 MB
enc_46.py: 0.00390625 MB
enc_13.py: 0.58984375 MB
enc_29.py: 0.640625 MB
enc_78.py: 0.58984375 MB
enc_80.py: 0.60546875 MB
enc_153.py: 0.57421875 MB
enc_22.py: 0.62109375 MB
enc_133.py: 0.59765625 MB
enc_3.py: 0.58984375 MB
enc_144.py: 0.57421875 MB
enc_50.py: 0.00390625 MB
enc_96.py: 0.58203125 MB
enc_104.py: 0.61328125 MB
enc_16.py: 0.57421875 MB
enc_34.py: 0.6171875 MB
enc_14.py: 0.00390625 MB
enc_63.py: 0.609375 MB
enc_112.py: 0.62109375 MB
enc_81.py: 0.59765625 MB
enc_52.py: 0.6171875 MB
enc_148.py: 0.61328125 MB
enc_21.py: 0.6171875 MB
enc_23.py: 0.6171875 MB
enc_45.py: 0.5859375 MB
enc_121.py: 0.56640625 MB
enc_57.py: 0.5703125 MB
enc_95.py: 0.57421875 MB
enc_138.py: 0.61328125 MB
enc_37.py: 0.6171875 MB
enc_125.py: 0.61328125 MB
enc_157.py: 0.609375 MB
enc_20.py: 0.00390625 MB
enc_48.py: 0.57421875 MB
enc_102.py: 0.00390625 MB
