HumanEval_0.py: 0.165910s
Mbpp_3.py: 6.075958s
HumanEval_4.py: 0.005347s
HumanEval_9.py: 0.006022s
Mbpp_12.py: 2.479896s
HumanEval_16.py: 0.099282s
Mbpp_19.py: 0.000526s
HumanEval_20.py: 0.000919s
HumanEval_24.py: 1.011150s
HumanEval_31.py: 0.222062s
HumanEval_34.py: 0.004428s
HumanEval_37.py: 0.002862s
HumanEval_49.py: 0.001751s
HumanEval_51.py: 0.331950s
HumanEval_58.py: 0.004992s
Mbpp_62.py: 0.027009s
HumanEval_74.py: 0.001238s
Mbpp_75.py: 0.000399s
HumanEval_85.py: 0.021281s
HumanEval_86.py: 0.437471s
HumanEval_87.py: 0.014650s
Mbpp_88.py: 0.003318s
HumanEval_89.py: 1.168222s
HumanEval_90.py: 0.002950s
Mbpp_90.py: 0.000738s
Mbpp_94.py: 0.001153s
Mbpp_97.py: 0.002000s
Mbpp_106.py: 0.010275s
Mbpp_108.py: 0.005554s
HumanEval_113.py: 1.838957s
HumanEval_120.py: 0.000032s
HumanEval_121.py: 0.009388s
Mbpp_123.py: 0.251732s
Mbpp_128.py: 0.066608s
Mbpp_129.py: 0.015590s
Mbpp_130.py: 0.001924s
Mbpp_137.py: 0.084973s
Mbpp_140.py: 1.592380s
Mbpp_141.py: 0.000657s
HumanEval_149.py: 0.069312s
Mbpp_166.py: 0.105872s
Mbpp_170.py: 0.027136s
Mbpp_226.py: 0.226925s
Mbpp_230.py: 0.037046s
Mbpp_239.py: 0.000713s
Mbpp_240.py: 0.001415s
Mbpp_251.py: 0.009805s
Mbpp_256.py: 1.899011s
Mbpp_265.py: 0.043362s
Mbpp_281.py: 0.000866s
Mbpp_296.py: 4.376165s
Mbpp_308.py: 0.038919s
Mbpp_392.py: 0.200231s
Mbpp_395.py: 0.004635s
Mbpp_405.py: 0.000193s
Mbpp_414.py: 0.000516s
Mbpp_421.py: 0.037112s
Mbpp_424.py: 0.000725s
Mbpp_425.py: 0.002864s
Mbpp_428.py: 0.005301s
Mbpp_433.py: 0.021376s
Mbpp_437.py: 0.001166s
Mbpp_446.py: 0.001070s
Mbpp_451.py: 0.005103s
Mbpp_456.py: 0.013041s
Mbpp_460.py: 0.002082s
Mbpp_474.py: 0.021037s
Mbpp_476.py: 0.023433s
Mbpp_477.py: 0.000696s
Mbpp_572.py: 0.856275s
Mbpp_578.py: 0.017319s
Mbpp_586.py: 0.000345s
Mbpp_587.py: 0.001325s
Mbpp_588.py: 0.178135s
Mbpp_597.py: 0.024539s
Mbpp_604.py: 0.015515s
Mbpp_610.py: 0.010633s
Mbpp_611.py: 0.003511s
Mbpp_631.py: 0.000358s
Mbpp_632.py: 0.002417s
Mbpp_633.py: 0.021510s
Mbpp_644.py: 0.007747s
Mbpp_720.py: 0.010380s
Mbpp_725.py: 0.268489s
Mbpp_740.py: 0.001961s
Mbpp_744.py: 0.023704s
Mbpp_750.py: 0.047026s
Mbpp_753.py: 0.074665s
Mbpp_754.py: 0.002635s
Mbpp_755.py: 0.006114s
Mbpp_757.py: 58.222910s
Mbpp_758.py: 0.007159s
Mbpp_760.py: 0.000438s
Mbpp_764.py: 0.351337s
Mbpp_766.py: 0.135237s
Mbpp_775.py: 0.006478s
Mbpp_777.py: 0.004106s
Mbpp_781.py: 5.172182s
Mbpp_800.py: 0.001221s
Mbpp_805.py: 0.005634s
Mbpp_808.py: 0.003254s
