HumanEval_0.py: 0.167281s
Mbpp_3.py: 6.042936s
HumanEval_4.py: 0.005305s
HumanEval_9.py: 0.005937s
Mbpp_12.py: 2.471852s
HumanEval_16.py: 0.099872s
Mbpp_19.py: 0.000465s
HumanEval_20.py: 0.000970s
HumanEval_24.py: 0.995262s
HumanEval_31.py: 0.212935s
HumanEval_34.py: 0.004549s
HumanEval_37.py: 0.002931s
HumanEval_49.py: 0.001812s
HumanEval_51.py: 0.337018s
HumanEval_58.py: 0.004675s
Mbpp_62.py: 0.024412s
HumanEval_74.py: 0.001208s
Mbpp_75.py: 0.000543s
HumanEval_85.py: 0.021880s
HumanEval_86.py: 0.443031s
HumanEval_87.py: 0.014710s
Mbpp_88.py: 0.003359s
HumanEval_89.py: 1.168561s
HumanEval_90.py: 0.002928s
Mbpp_90.py: 0.001161s
Mbpp_94.py: 0.001037s
Mbpp_97.py: 0.001847s
Mbpp_106.py: 0.010432s
Mbpp_108.py: 0.005731s
HumanEval_113.py: 1.878449s
HumanEval_120.py: 0.000034s
HumanEval_121.py: 0.009404s
Mbpp_123.py: 0.254746s
Mbpp_128.py: 0.069201s
Mbpp_129.py: 0.015982s
Mbpp_130.py: 0.001984s
Mbpp_137.py: 0.088650s
Mbpp_140.py: 1.605215s
Mbpp_141.py: 0.000693s
HumanEval_149.py: 0.086676s
Mbpp_166.py: 0.109528s
Mbpp_170.py: 0.028719s
Mbpp_226.py: 0.233672s
Mbpp_230.py: 0.037444s
Mbpp_239.py: 0.000757s
Mbpp_240.py: 0.001436s
Mbpp_251.py: 0.010424s
Mbpp_256.py: 1.907090s
Mbpp_265.py: 0.043363s
Mbpp_281.py: 0.000759s
Mbpp_296.py: 4.451366s
Mbpp_308.py: 0.038821s
Mbpp_392.py: 0.198375s
Mbpp_395.py: 0.004369s
Mbpp_405.py: 0.000192s
Mbpp_414.py: 0.000444s
Mbpp_421.py: 0.037370s
Mbpp_424.py: 0.000732s
Mbpp_425.py: 0.002784s
Mbpp_428.py: 0.005311s
Mbpp_433.py: 0.022510s
Mbpp_437.py: 0.001215s
Mbpp_446.py: 0.001177s
Mbpp_451.py: 0.005119s
Mbpp_456.py: 0.013340s
Mbpp_460.py: 0.001796s
Mbpp_474.py: 0.020143s
Mbpp_476.py: 0.023242s
Mbpp_477.py: 0.000695s
Mbpp_572.py: 0.849453s
Mbpp_578.py: 0.017400s
Mbpp_586.py: 0.000360s
Mbpp_587.py: 0.001257s
Mbpp_588.py: 0.178899s
Mbpp_597.py: 0.024544s
Mbpp_604.py: 0.015910s
Mbpp_610.py: 0.010073s
Mbpp_611.py: 0.003301s
Mbpp_631.py: 0.000368s
Mbpp_632.py: 0.002456s
Mbpp_633.py: 0.021504s
Mbpp_644.py: 0.007904s
Mbpp_720.py: 0.010357s
Mbpp_725.py: 0.265694s
Mbpp_740.py: 0.001860s
Mbpp_744.py: 0.023603s
Mbpp_750.py: 0.045775s
Mbpp_753.py: 0.076118s
Mbpp_754.py: 0.002694s
Mbpp_755.py: 0.005726s
Mbpp_757.py: 57.584233s
Mbpp_758.py: 0.005797s
Mbpp_760.py: 0.000416s
Mbpp_764.py: 0.342764s
Mbpp_766.py: 0.139540s
Mbpp_775.py: 0.006628s
Mbpp_777.py: 0.004055s
Mbpp_781.py: 5.028410s
Mbpp_800.py: 0.001222s
Mbpp_805.py: 0.005383s
Mbpp_808.py: 0.001640s
