HumanEval_0.py: 0.164710s
Mbpp_3.py: 6.032655s
HumanEval_4.py: 0.005330s
HumanEval_9.py: 0.005923s
Mbpp_12.py: 2.417099s
HumanEval_16.py: 0.098407s
Mbpp_19.py: 0.000520s
HumanEval_20.py: 0.000884s
HumanEval_24.py: 1.008196s
HumanEval_31.py: 0.215373s
HumanEval_34.py: 0.004232s
HumanEval_37.py: 0.002899s
HumanEval_49.py: 0.001850s
HumanEval_51.py: 0.339238s
HumanEval_58.py: 0.004490s
Mbpp_62.py: 0.023148s
HumanEval_74.py: 0.001189s
Mbpp_75.py: 0.000429s
HumanEval_85.py: 0.021893s
HumanEval_86.py: 0.440053s
HumanEval_87.py: 0.014469s
Mbpp_88.py: 0.003294s
HumanEval_89.py: 1.161132s
HumanEval_90.py: 0.002588s
Mbpp_90.py: 0.001161s
Mbpp_94.py: 0.001117s
Mbpp_97.py: 0.001845s
Mbpp_106.py: 0.010274s
Mbpp_108.py: 0.005630s
HumanEval_113.py: 1.887657s
HumanEval_120.py: 0.000034s
HumanEval_121.py: 0.009251s
Mbpp_123.py: 0.250871s
Mbpp_128.py: 0.067391s
Mbpp_129.py: 0.015445s
Mbpp_130.py: 0.002075s
Mbpp_137.py: 0.088003s
Mbpp_140.py: 1.601986s
Mbpp_141.py: 0.000661s
HumanEval_149.py: 0.070379s
Mbpp_166.py: 0.109042s
Mbpp_170.py: 0.029308s
Mbpp_226.py: 0.229018s
Mbpp_230.py: 0.038030s
Mbpp_239.py: 0.000748s
Mbpp_240.py: 0.001460s
Mbpp_251.py: 0.010056s
Mbpp_256.py: 1.896188s
Mbpp_265.py: 0.043480s
Mbpp_281.py: 0.000728s
Mbpp_296.py: 4.416331s
Mbpp_308.py: 0.038210s
Mbpp_392.py: 0.193992s
Mbpp_395.py: 0.004454s
Mbpp_405.py: 0.000184s
Mbpp_414.py: 0.000414s
Mbpp_421.py: 0.037626s
Mbpp_424.py: 0.000765s
Mbpp_425.py: 0.002789s
Mbpp_428.py: 0.005273s
Mbpp_433.py: 0.022850s
Mbpp_437.py: 0.001161s
Mbpp_446.py: 0.001076s
Mbpp_451.py: 0.005129s
Mbpp_456.py: 0.013334s
Mbpp_460.py: 0.001661s
Mbpp_474.py: 0.021085s
Mbpp_476.py: 0.025820s
Mbpp_477.py: 0.000692s
Mbpp_572.py: 0.843827s
Mbpp_578.py: 0.017587s
Mbpp_586.py: 0.000383s
Mbpp_587.py: 0.001246s
Mbpp_588.py: 0.179289s
Mbpp_597.py: 0.024789s
Mbpp_604.py: 0.015428s
Mbpp_610.py: 0.009686s
Mbpp_611.py: 0.003343s
Mbpp_631.py: 0.000382s
Mbpp_632.py: 0.002677s
Mbpp_633.py: 0.021266s
Mbpp_644.py: 0.007937s
Mbpp_720.py: 0.010438s
Mbpp_725.py: 0.263008s
Mbpp_740.py: 0.001896s
Mbpp_744.py: 0.024263s
Mbpp_750.py: 0.046955s
Mbpp_753.py: 0.074979s
Mbpp_754.py: 0.002579s
Mbpp_755.py: 0.005739s
Mbpp_757.py: 57.388481s
Mbpp_758.py: 0.005877s
Mbpp_760.py: 0.000448s
Mbpp_764.py: 0.339754s
Mbpp_766.py: 0.135981s
Mbpp_775.py: 0.006279s
Mbpp_777.py: 0.003997s
Mbpp_781.py: 5.165505s
Mbpp_800.py: 0.001221s
Mbpp_805.py: 0.005400s
Mbpp_808.py: 0.001555s
