HumanEval_0.py: 0.165953s
Mbpp_3.py: 6.042889s
HumanEval_4.py: 0.005310s
HumanEval_9.py: 0.005913s
Mbpp_12.py: 2.355270s
HumanEval_16.py: 0.097341s
Mbpp_19.py: 0.000522s
HumanEval_20.py: 0.000932s
HumanEval_24.py: 0.993741s
HumanEval_31.py: 0.212537s
HumanEval_34.py: 0.004012s
HumanEval_37.py: 0.002824s
HumanEval_49.py: 0.001740s
HumanEval_51.py: 0.326767s
HumanEval_58.py: 0.004407s
Mbpp_62.py: 0.024308s
HumanEval_74.py: 0.001181s
Mbpp_75.py: 0.000428s
HumanEval_85.py: 0.021773s
HumanEval_86.py: 0.435328s
HumanEval_87.py: 0.014371s
Mbpp_88.py: 0.003199s
HumanEval_89.py: 1.150484s
HumanEval_90.py: 0.002539s
Mbpp_90.py: 0.001262s
Mbpp_94.py: 0.000996s
Mbpp_97.py: 0.001828s
Mbpp_106.py: 0.010085s
Mbpp_108.py: 0.005537s
HumanEval_113.py: 1.836113s
HumanEval_120.py: 0.000033s
HumanEval_121.py: 0.009443s
Mbpp_123.py: 0.251141s
Mbpp_128.py: 0.075038s
Mbpp_129.py: 0.015716s
Mbpp_130.py: 0.001975s
Mbpp_137.py: 0.085532s
Mbpp_140.py: 1.575660s
Mbpp_141.py: 0.000681s
HumanEval_149.py: 0.067839s
Mbpp_166.py: 0.105908s
Mbpp_170.py: 0.027826s
Mbpp_226.py: 0.221214s
Mbpp_230.py: 0.036660s
Mbpp_239.py: 0.000734s
Mbpp_240.py: 0.001421s
Mbpp_251.py: 0.009802s
Mbpp_256.py: 1.851628s
Mbpp_265.py: 0.044012s
Mbpp_281.py: 0.000752s
Mbpp_296.py: 4.358614s
Mbpp_308.py: 0.038232s
Mbpp_392.py: 0.193900s
Mbpp_395.py: 0.004294s
Mbpp_405.py: 0.000195s
Mbpp_414.py: 0.000433s
Mbpp_421.py: 0.037403s
Mbpp_424.py: 0.000723s
Mbpp_425.py: 0.002772s
Mbpp_428.py: 0.005256s
Mbpp_433.py: 0.021709s
Mbpp_437.py: 0.001193s
Mbpp_446.py: 0.001043s
Mbpp_451.py: 0.005066s
Mbpp_456.py: 0.012911s
Mbpp_460.py: 0.001720s
Mbpp_474.py: 0.020761s
Mbpp_476.py: 0.022676s
Mbpp_477.py: 0.000708s
Mbpp_572.py: 0.849973s
Mbpp_578.py: 0.017388s
Mbpp_586.py: 0.000367s
Mbpp_587.py: 0.001344s
Mbpp_588.py: 0.176941s
Mbpp_597.py: 0.024589s
Mbpp_604.py: 0.014817s
Mbpp_610.py: 0.009944s
Mbpp_611.py: 0.003341s
Mbpp_631.py: 0.000367s
Mbpp_632.py: 0.002431s
Mbpp_633.py: 0.021375s
Mbpp_644.py: 0.007816s
Mbpp_720.py: 0.010939s
Mbpp_725.py: 0.263101s
Mbpp_740.py: 0.001872s
Mbpp_744.py: 0.023317s
Mbpp_750.py: 0.046860s
Mbpp_753.py: 0.074909s
Mbpp_754.py: 0.002562s
Mbpp_755.py: 0.005758s
Mbpp_757.py: 57.625912s
Mbpp_758.py: 0.005855s
Mbpp_760.py: 0.000441s
Mbpp_764.py: 0.346611s
Mbpp_766.py: 0.132328s
Mbpp_775.py: 0.006400s
Mbpp_777.py: 0.003785s
Mbpp_781.py: 5.035782s
Mbpp_800.py: 0.001239s
Mbpp_805.py: 0.005530s
Mbpp_808.py: 0.001744s
