HumanEval_0.py: 0.161630s
Mbpp_3.py: 6.155590s
HumanEval_4.py: 0.005462s
HumanEval_9.py: 0.005923s
Mbpp_12.py: 2.396197s
HumanEval_16.py: 0.098114s
Mbpp_19.py: 0.000496s
HumanEval_20.py: 0.000905s
HumanEval_24.py: 1.009543s
HumanEval_31.py: 0.215832s
HumanEval_34.py: 0.004422s
HumanEval_37.py: 0.002892s
HumanEval_49.py: 0.001869s
HumanEval_51.py: 0.331874s
HumanEval_58.py: 0.004673s
Mbpp_62.py: 0.025145s
HumanEval_74.py: 0.001231s
Mbpp_75.py: 0.000432s
HumanEval_85.py: 0.020966s
HumanEval_86.py: 0.436342s
HumanEval_87.py: 0.014617s
Mbpp_88.py: 0.003341s
HumanEval_89.py: 1.166535s
HumanEval_90.py: 0.002852s
Mbpp_90.py: 0.001206s
Mbpp_94.py: 0.001082s
Mbpp_97.py: 0.001825s
Mbpp_106.py: 0.010225s
Mbpp_108.py: 0.005740s
HumanEval_113.py: 1.871071s
HumanEval_120.py: 0.000035s
HumanEval_121.py: 0.009462s
Mbpp_123.py: 0.251949s
Mbpp_128.py: 0.066309s
Mbpp_129.py: 0.013842s
Mbpp_130.py: 0.001931s
Mbpp_137.py: 0.086188s
Mbpp_140.py: 1.608535s
Mbpp_141.py: 0.000665s
HumanEval_149.py: 0.086251s
Mbpp_166.py: 0.108695s
Mbpp_170.py: 0.027968s
Mbpp_226.py: 0.230715s
Mbpp_230.py: 0.037578s
Mbpp_239.py: 0.000753s
Mbpp_240.py: 0.001375s
Mbpp_251.py: 0.009942s
Mbpp_256.py: 1.938189s
Mbpp_265.py: 0.043529s
Mbpp_281.py: 0.000711s
Mbpp_296.py: 4.480890s
Mbpp_308.py: 0.038897s
Mbpp_392.py: 0.199218s
Mbpp_395.py: 0.004538s
Mbpp_405.py: 0.000187s
Mbpp_414.py: 0.000429s
Mbpp_421.py: 0.038548s
Mbpp_424.py: 0.000780s
Mbpp_425.py: 0.002791s
Mbpp_428.py: 0.005315s
Mbpp_433.py: 0.023484s
Mbpp_437.py: 0.001215s
Mbpp_446.py: 0.001073s
Mbpp_451.py: 0.005131s
Mbpp_456.py: 0.013283s
Mbpp_460.py: 0.001847s
Mbpp_474.py: 0.021428s
Mbpp_476.py: 0.025101s
Mbpp_477.py: 0.000710s
Mbpp_572.py: 0.844410s
Mbpp_578.py: 0.017306s
Mbpp_586.py: 0.000378s
Mbpp_587.py: 0.001236s
Mbpp_588.py: 0.179406s
Mbpp_597.py: 0.024871s
Mbpp_604.py: 0.014984s
Mbpp_610.py: 0.009945s
Mbpp_611.py: 0.005021s
Mbpp_631.py: 0.000332s
Mbpp_632.py: 0.002307s
Mbpp_633.py: 0.021294s
Mbpp_644.py: 0.007691s
Mbpp_720.py: 0.011176s
Mbpp_725.py: 0.262992s
Mbpp_740.py: 0.001905s
Mbpp_744.py: 0.023253s
Mbpp_750.py: 0.045995s
Mbpp_753.py: 0.074906s
Mbpp_754.py: 0.002603s
Mbpp_755.py: 0.005833s
Mbpp_757.py: 57.606848s
Mbpp_758.py: 0.005817s
Mbpp_760.py: 0.000453s
Mbpp_764.py: 0.348235s
Mbpp_766.py: 0.137977s
Mbpp_775.py: 0.006499s
Mbpp_777.py: 0.004618s
Mbpp_781.py: 5.281600s
Mbpp_800.py: 0.001225s
Mbpp_805.py: 0.005602s
Mbpp_808.py: 0.001820s
