HumanEval_0.py: 0.163072s
Mbpp_3.py: 6.176306s
HumanEval_4.py: 0.005256s
HumanEval_9.py: 0.005926s
Mbpp_12.py: 2.417790s
HumanEval_16.py: 0.097508s
Mbpp_19.py: 0.000487s
HumanEval_20.py: 0.000937s
HumanEval_24.py: 0.989254s
HumanEval_31.py: 0.211027s
HumanEval_34.py: 0.004627s
HumanEval_37.py: 0.002856s
HumanEval_49.py: 0.001738s
HumanEval_51.py: 0.357335s
HumanEval_58.py: 0.004680s
Mbpp_62.py: 0.023189s
HumanEval_74.py: 0.001129s
Mbpp_75.py: 0.000499s
HumanEval_85.py: 0.021450s
HumanEval_86.py: 0.439577s
HumanEval_87.py: 0.014381s
Mbpp_88.py: 0.003258s
HumanEval_89.py: 1.156563s
HumanEval_90.py: 0.002637s
Mbpp_90.py: 0.001200s
Mbpp_94.py: 0.001001s
Mbpp_97.py: 0.001800s
Mbpp_106.py: 0.010265s
Mbpp_108.py: 0.005543s
HumanEval_113.py: 1.854393s
HumanEval_120.py: 0.000033s
HumanEval_121.py: 0.009573s
Mbpp_123.py: 0.246475s
Mbpp_128.py: 0.066174s
Mbpp_129.py: 0.015359s
Mbpp_130.py: 0.001980s
Mbpp_137.py: 0.084902s
Mbpp_140.py: 1.574023s
Mbpp_141.py: 0.000665s
HumanEval_149.py: 0.101525s
Mbpp_166.py: 0.105644s
Mbpp_170.py: 0.046581s
Mbpp_226.py: 0.225408s
Mbpp_230.py: 0.033838s
Mbpp_239.py: 0.000738s
Mbpp_240.py: 0.001436s
Mbpp_251.py: 0.009931s
Mbpp_256.py: 1.850630s
Mbpp_265.py: 0.042156s
Mbpp_281.py: 0.000699s
Mbpp_296.py: 4.363646s
Mbpp_308.py: 0.038150s
Mbpp_392.py: 0.194850s
Mbpp_395.py: 0.004301s
Mbpp_405.py: 0.000186s
Mbpp_414.py: 0.000413s
Mbpp_421.py: 0.037864s
Mbpp_424.py: 0.000748s
Mbpp_425.py: 0.002801s
Mbpp_428.py: 0.005243s
Mbpp_433.py: 0.024004s
Mbpp_437.py: 0.001178s
Mbpp_446.py: 0.001058s
Mbpp_451.py: 0.005119s
Mbpp_456.py: 0.013138s
Mbpp_460.py: 0.001779s
Mbpp_474.py: 0.020760s
Mbpp_476.py: 0.025637s
Mbpp_477.py: 0.000700s
Mbpp_572.py: 0.845852s
Mbpp_578.py: 0.017806s
Mbpp_586.py: 0.000356s
Mbpp_587.py: 0.001321s
Mbpp_588.py: 0.180565s
Mbpp_597.py: 0.025023s
Mbpp_604.py: 0.016697s
Mbpp_610.py: 0.010722s
Mbpp_611.py: 0.003326s
Mbpp_631.py: 0.000371s
Mbpp_632.py: 0.002436s
Mbpp_633.py: 0.021473s
Mbpp_644.py: 0.007748s
Mbpp_720.py: 0.010648s
Mbpp_725.py: 0.263993s
Mbpp_740.py: 0.001892s
Mbpp_744.py: 0.023770s
Mbpp_750.py: 0.048252s
Mbpp_753.py: 0.075550s
Mbpp_754.py: 0.002638s
Mbpp_755.py: 0.005672s
Mbpp_757.py: 57.442034s
Mbpp_758.py: 0.005819s
Mbpp_760.py: 0.000439s
Mbpp_764.py: 0.338814s
Mbpp_766.py: 0.133802s
Mbpp_775.py: 0.006267s
Mbpp_777.py: 0.003785s
Mbpp_781.py: 5.019227s
Mbpp_800.py: 0.001219s
Mbpp_805.py: 0.005486s
Mbpp_808.py: 0.001590s
