HumanEval_0.py: 0.168004s
Mbpp_3.py: 6.186508s
HumanEval_4.py: 0.005221s
HumanEval_9.py: 0.005890s
Mbpp_12.py: 2.342450s
HumanEval_16.py: 0.096529s
Mbpp_19.py: 0.000500s
HumanEval_20.py: 0.000902s
HumanEval_24.py: 0.990350s
HumanEval_31.py: 0.212318s
HumanEval_34.py: 0.004179s
HumanEval_37.py: 0.002916s
HumanEval_49.py: 0.001878s
HumanEval_51.py: 0.328348s
HumanEval_58.py: 0.005011s
Mbpp_62.py: 0.026361s
HumanEval_74.py: 0.001259s
Mbpp_75.py: 0.000417s
HumanEval_85.py: 0.021136s
HumanEval_86.py: 0.435528s
HumanEval_87.py: 0.014141s
Mbpp_88.py: 0.003292s
HumanEval_89.py: 1.143353s
HumanEval_90.py: 0.003321s
Mbpp_90.py: 0.001144s
Mbpp_94.py: 0.001065s
Mbpp_97.py: 0.001785s
Mbpp_106.py: 0.010014s
Mbpp_108.py: 0.005533s
HumanEval_113.py: 1.837072s
HumanEval_120.py: 0.000033s
HumanEval_121.py: 0.009281s
Mbpp_123.py: 0.251423s
Mbpp_128.py: 0.066089s
Mbpp_129.py: 0.013967s
Mbpp_130.py: 0.001937s
Mbpp_137.py: 0.085973s
Mbpp_140.py: 1.578087s
Mbpp_141.py: 0.000677s
HumanEval_149.py: 0.084343s
Mbpp_166.py: 0.106200s
Mbpp_170.py: 0.028331s
Mbpp_226.py: 0.223309s
Mbpp_230.py: 0.035361s
Mbpp_239.py: 0.000748s
Mbpp_240.py: 0.001399s
Mbpp_251.py: 0.009738s
Mbpp_256.py: 1.849787s
Mbpp_265.py: 0.043231s
Mbpp_281.py: 0.000699s
Mbpp_296.py: 4.428083s
Mbpp_308.py: 0.038709s
Mbpp_392.py: 0.199092s
Mbpp_395.py: 0.004556s
Mbpp_405.py: 0.000182s
Mbpp_414.py: 0.000447s
Mbpp_421.py: 0.038433s
Mbpp_424.py: 0.000756s
Mbpp_425.py: 0.002871s
Mbpp_428.py: 0.005364s
Mbpp_433.py: 0.022389s
Mbpp_437.py: 0.001178s
Mbpp_446.py: 0.001089s
Mbpp_451.py: 0.005054s
Mbpp_456.py: 0.012963s
Mbpp_460.py: 0.001777s
Mbpp_474.py: 0.019267s
Mbpp_476.py: 0.023372s
Mbpp_477.py: 0.000697s
Mbpp_572.py: 0.844306s
Mbpp_578.py: 0.017392s
Mbpp_586.py: 0.000380s
Mbpp_587.py: 0.001284s
Mbpp_588.py: 0.178474s
Mbpp_597.py: 0.025607s
Mbpp_604.py: 0.018310s
Mbpp_610.py: 0.010076s
Mbpp_611.py: 0.004857s
Mbpp_631.py: 0.000357s
Mbpp_632.py: 0.002433s
Mbpp_633.py: 0.021869s
Mbpp_644.py: 0.008651s
Mbpp_720.py: 0.011528s
Mbpp_725.py: 0.263568s
Mbpp_740.py: 0.001914s
Mbpp_744.py: 0.024396s
Mbpp_750.py: 0.046371s
Mbpp_753.py: 0.074659s
Mbpp_754.py: 0.002581s
Mbpp_755.py: 0.005816s
Mbpp_757.py: 57.635755s
Mbpp_758.py: 0.005722s
Mbpp_760.py: 0.000486s
Mbpp_764.py: 0.339328s
Mbpp_766.py: 0.131941s
Mbpp_775.py: 0.006438s
Mbpp_777.py: 0.004253s
Mbpp_781.py: 5.155249s
Mbpp_800.py: 0.001248s
Mbpp_805.py: 0.005641s
Mbpp_808.py: 0.001735s
