enc_128.py: 0.6171875 MB
enc_150.py: 0.49609375 MB
enc_149.py: 0.5859375 MB
enc_28.py: 0.53515625 MB
enc_7.py: 0.56640625 MB
enc_42.py: 0.58203125 MB
enc_30.py: 0.00390625 MB
enc_1.py: 0.578125 MB
enc_35.py: 0.546875 MB
enc_103.py: 0.59375 MB
enc_55.py: 0.62109375 MB
enc_98.py: 0.60546875 MB
enc_33.py: 0.58984375 MB
enc_9.py: 0.59375 MB
enc_62.py: 0.00390625 MB
enc_71.py: 0.58984375 MB
enc_111.py: 0.62890625 MB
enc_10.py: 0.00390625 MB
enc_47.py: 0.609375 MB
enc_155.py: 0.53125 MB
enc_89.py: 0.62109375 MB
enc_58.py: 0.546875 MB
enc_53.py: 0.60546875 MB
enc_32.py: 0.62109375 MB
enc_31.py: 0.62109375 MB
enc_27.py: 0.5625 MB
enc_93.py: 0.6171875 MB
enc_67.py: 0.55859375 MB
enc_77.py: 0.60546875 MB
enc_79.py: 0.5703125 MB
enc_11.py: 0.57421875 MB
enc_85.py: 0.57421875 MB
enc_113.py: 0.58203125 MB
enc_76.py: 0.484375 MB
enc_13.py: 0.56640625 MB
enc_29.py: 0.60546875 MB
enc_78.py: 0.58203125 MB
enc_80.py: 0.59765625 MB
enc_38.py: 0.609375 MB
enc_22.py: 0.60546875 MB
enc_3.py: 0.00390625 MB
enc_144.py: 0.578125 MB
enc_16.py: 0.578125 MB
enc_34.py: 0.62109375 MB
enc_14.py: 0.6328125 MB
enc_112.py: 0.59375 MB
enc_131.py: 0.5625 MB
enc_5.py: 0.6171875 MB
enc_52.py: 0.578125 MB
enc_148.py: 0.484375 MB
enc_21.py: 0.6015625 MB
enc_45.py: 0.55078125 MB
enc_121.py: 0.5703125 MB
enc_57.py: 0.00390625 MB
enc_95.py: 0.62890625 MB
enc_138.py: 0.00390625 MB
enc_65.py: 0.51953125 MB
enc_142.py: 0.00390625 MB
enc_157.py: 0.59765625 MB
enc_48.py: 0.640625 MB
enc_102.py: 0.59765625 MB
