HumanEval_0.py: 0.173563s
Mbpp_3.py: 0.000185s
Mbpp_4.py: 0.000934s
HumanEval_4.py: 0.008351s
HumanEval_9.py: 0.003088s
Mbpp_9.py: 0.001736s
Mbpp_11.py: 0.000119s
Mbpp_12.py: 0.004975s
HumanEval_16.py: 0.004140s
Mbpp_16.py: 0.001644s
Mbpp_19.py: 0.001437s
HumanEval_20.py: 0.001827s
HumanEval_24.py: 0.500435s
HumanEval_26.py: 0.004345s
HumanEval_31.py: 0.000071s
HumanEval_36.py: 0.071191s
HumanEval_37.py: 0.001489s
HumanEval_49.py: 0.000003s
HumanEval_51.py: 0.046430s
HumanEval_54.py: 0.007906s
HumanEval_58.py: 0.004670s
HumanEval_59.py: 0.000008s
Mbpp_62.py: 0.019985s
HumanEval_64.py: 0.291386s
HumanEval_74.py: 0.001280s
Mbpp_75.py: 0.000407s
HumanEval_85.py: 0.050371s
HumanEval_87.py: 0.011123s
Mbpp_88.py: 0.007194s
HumanEval_89.py: 1.630764s
HumanEval_90.py: 0.003082s
Mbpp_90.py: 0.001602s
Mbpp_94.py: 0.002679s
Mbpp_96.py: 0.142373s
Mbpp_97.py: 0.001502s
Mbpp_106.py: 0.000768s
HumanEval_113.py: 0.826674s
HumanEval_119.py: 0.000627s
HumanEval_120.py: 0.000044s
HumanEval_121.py: 0.013291s
Mbpp_123.py: 0.171492s
Mbpp_128.py: 0.065833s
Mbpp_129.py: 0.014973s
Mbpp_130.py: 0.001327s
Mbpp_137.py: 0.026036s
Mbpp_141.py: 0.000569s
HumanEval_149.py: 0.071761s
Mbpp_166.py: 0.105656s
Mbpp_170.py: 0.019717s
Mbpp_226.py: 0.001224s
Mbpp_230.py: 0.000313s
Mbpp_239.py: 0.000976s
Mbpp_240.py: 0.001532s
Mbpp_251.py: 0.005580s
Mbpp_256.py: 0.000575s
Mbpp_265.py: 0.037002s
Mbpp_281.py: 0.000732s
Mbpp_296.py: 0.113471s
Mbpp_392.py: 0.000194s
Mbpp_395.py: 0.003300s
Mbpp_405.py: 0.000182s
Mbpp_414.py: 0.000456s
Mbpp_421.py: 0.044670s
Mbpp_424.py: 0.000250s
Mbpp_425.py: 0.002711s
Mbpp_428.py: 0.005246s
Mbpp_433.py: 0.015072s
Mbpp_437.py: 0.453071s
Mbpp_440.py: 0.000015s
Mbpp_446.py: 0.320007s
Mbpp_451.py: 0.005083s
Mbpp_456.py: 0.012389s
Mbpp_460.py: 0.001744s
Mbpp_474.py: 0.000184s
Mbpp_476.py: 0.025478s
Mbpp_477.py: 0.000690s
Mbpp_563.py: 0.006418s
Mbpp_572.py: 0.000949s
Mbpp_578.py: 0.005736s
Mbpp_586.py: 0.000344s
Mbpp_587.py: 0.001214s
Mbpp_588.py: 0.029334s
Mbpp_597.py: 0.008337s
Mbpp_604.py: 0.015529s
Mbpp_611.py: 0.003330s
Mbpp_631.py: 0.030599s
Mbpp_632.py: 0.001607s
Mbpp_633.py: 0.045881s
Mbpp_644.py: 0.007865s
Mbpp_720.py: 0.011380s
Mbpp_725.py: 0.023360s
Mbpp_740.py: 0.001878s
Mbpp_744.py: 0.007555s
Mbpp_750.py: 0.015177s
Mbpp_753.py: 0.077446s
Mbpp_755.py: 0.005603s
Mbpp_757.py: 0.004020s
Mbpp_758.py: 0.003720s
Mbpp_760.py: 0.000126s
Mbpp_764.py: 0.544144s
Mbpp_766.py: 0.133578s
Mbpp_775.py: 0.178841s
Mbpp_781.py: 0.000344s
Mbpp_800.py: 0.001154s
Mbpp_805.py: 0.005361s
Mbpp_808.py: 0.001819s
