HumanEval_0.py: 0.166712s
Mbpp_3.py: 0.000183s
Mbpp_4.py: 0.000959s
HumanEval_4.py: 0.008297s
HumanEval_9.py: 0.002947s
Mbpp_9.py: 0.001791s
Mbpp_11.py: 0.000120s
Mbpp_12.py: 0.004979s
HumanEval_16.py: 0.004257s
Mbpp_16.py: 0.001640s
Mbpp_19.py: 0.001409s
HumanEval_20.py: 0.001780s
HumanEval_24.py: 0.494126s
HumanEval_26.py: 0.004144s
HumanEval_31.py: 0.000074s
HumanEval_36.py: 0.071555s
HumanEval_37.py: 0.001443s
HumanEval_49.py: 0.000003s
HumanEval_51.py: 0.047163s
HumanEval_54.py: 0.008101s
HumanEval_58.py: 0.004535s
HumanEval_59.py: 0.000008s
Mbpp_62.py: 0.018508s
HumanEval_64.py: 0.312015s
HumanEval_74.py: 0.001320s
Mbpp_75.py: 0.000393s
HumanEval_85.py: 0.051212s
HumanEval_87.py: 0.011319s
Mbpp_88.py: 0.007107s
HumanEval_89.py: 1.638011s
HumanEval_90.py: 0.002950s
Mbpp_90.py: 0.001573s
Mbpp_94.py: 0.002636s
Mbpp_96.py: 0.143559s
Mbpp_97.py: 0.001485s
Mbpp_106.py: 0.000773s
HumanEval_113.py: 0.782108s
HumanEval_119.py: 0.000614s
HumanEval_120.py: 0.000043s
HumanEval_121.py: 0.013505s
Mbpp_123.py: 0.150365s
Mbpp_128.py: 0.070094s
Mbpp_129.py: 0.014319s
Mbpp_130.py: 0.001334s
Mbpp_137.py: 0.025672s
Mbpp_141.py: 0.000560s
HumanEval_149.py: 0.070406s
Mbpp_166.py: 0.106013s
Mbpp_170.py: 0.019003s
Mbpp_226.py: 0.001160s
Mbpp_230.py: 0.000284s
Mbpp_239.py: 0.000928s
Mbpp_240.py: 0.001467s
Mbpp_251.py: 0.005371s
Mbpp_256.py: 0.000534s
Mbpp_265.py: 0.042479s
Mbpp_281.py: 0.000710s
Mbpp_296.py: 0.083005s
Mbpp_392.py: 0.000164s
Mbpp_395.py: 0.002829s
Mbpp_405.py: 0.000182s
Mbpp_414.py: 0.000431s
Mbpp_421.py: 0.044277s
Mbpp_424.py: 0.000267s
Mbpp_425.py: 0.002816s
Mbpp_428.py: 0.005209s
Mbpp_433.py: 0.016460s
Mbpp_437.py: 0.500409s
Mbpp_440.py: 0.000023s
Mbpp_446.py: 0.319497s
Mbpp_451.py: 0.005059s
Mbpp_456.py: 0.012185s
Mbpp_460.py: 0.001741s
Mbpp_474.py: 0.000174s
Mbpp_476.py: 0.022475s
Mbpp_477.py: 0.000703s
Mbpp_563.py: 0.006421s
Mbpp_572.py: 0.000949s
Mbpp_578.py: 0.005574s
Mbpp_586.py: 0.000364s
Mbpp_587.py: 0.001269s
Mbpp_588.py: 0.029641s
Mbpp_597.py: 0.000013s
Mbpp_604.py: 0.021851s
Mbpp_611.py: 0.003345s
Mbpp_631.py: 0.030559s
Mbpp_632.py: 0.001626s
Mbpp_633.py: 0.045633s
Mbpp_644.py: 0.007959s
Mbpp_720.py: 0.009996s
Mbpp_725.py: 0.023456s
Mbpp_740.py: 0.001909s
Mbpp_744.py: 0.007467s
Mbpp_750.py: 0.014990s
Mbpp_753.py: 0.077951s
Mbpp_755.py: 0.006094s
Mbpp_757.py: 0.004047s
Mbpp_758.py: 0.004119s
Mbpp_760.py: 0.000144s
Mbpp_764.py: 0.529694s
Mbpp_766.py: 0.128475s
Mbpp_775.py: 0.179469s
Mbpp_781.py: 0.000346s
Mbpp_800.py: 0.001153s
Mbpp_805.py: 0.005425s
Mbpp_808.py: 0.001815s
