HumanEval_0.py: 0.190265s
Mbpp_3.py: 0.000195s
Mbpp_4.py: 0.000990s
HumanEval_4.py: 0.008666s
HumanEval_9.py: 0.003081s
Mbpp_9.py: 0.001847s
Mbpp_11.py: 0.000157s
Mbpp_12.py: 0.005345s
HumanEval_16.py: 0.004317s
Mbpp_16.py: 0.001731s
Mbpp_19.py: 0.001552s
HumanEval_20.py: 0.002074s
HumanEval_24.py: 0.521794s
HumanEval_26.py: 0.004631s
HumanEval_31.py: 0.000076s
HumanEval_36.py: 0.074002s
HumanEval_37.py: 0.001616s
HumanEval_49.py: 0.000003s
HumanEval_51.py: 0.048770s
HumanEval_54.py: 0.008527s
HumanEval_58.py: 0.004755s
HumanEval_59.py: 0.000008s
Mbpp_62.py: 0.021343s
HumanEval_64.py: 0.307069s
HumanEval_74.py: 0.001348s
Mbpp_75.py: 0.000450s
HumanEval_85.py: 0.053036s
HumanEval_87.py: 0.013117s
Mbpp_88.py: 0.007785s
HumanEval_89.py: 1.697246s
HumanEval_90.py: 0.003168s
Mbpp_90.py: 0.001603s
Mbpp_94.py: 0.002755s
Mbpp_96.py: 0.148540s
Mbpp_97.py: 0.001580s
Mbpp_106.py: 0.000810s
HumanEval_113.py: 0.822546s
HumanEval_119.py: 0.000631s
HumanEval_120.py: 0.000043s
HumanEval_121.py: 0.013230s
Mbpp_123.py: 0.143694s
Mbpp_128.py: 0.068059s
Mbpp_129.py: 0.015736s
Mbpp_130.py: 0.001383s
Mbpp_137.py: 0.026757s
Mbpp_141.py: 0.000592s
HumanEval_149.py: 0.079622s
Mbpp_166.py: 0.110355s
Mbpp_170.py: 0.019020s
Mbpp_226.py: 0.001229s
Mbpp_230.py: 0.000291s
Mbpp_239.py: 0.000946s
Mbpp_240.py: 0.001484s
Mbpp_251.py: 0.005731s
Mbpp_256.py: 0.000568s
Mbpp_265.py: 0.038453s
Mbpp_281.py: 0.000739s
Mbpp_296.py: 0.088591s
Mbpp_392.py: 0.000169s
Mbpp_395.py: 0.002995s
Mbpp_405.py: 0.000193s
Mbpp_414.py: 0.000488s
Mbpp_421.py: 0.048342s
Mbpp_424.py: 0.000349s
Mbpp_425.py: 0.003737s
Mbpp_428.py: 0.005953s
Mbpp_433.py: 0.019437s
Mbpp_437.py: 0.491529s
Mbpp_440.py: 0.000022s
Mbpp_446.py: 0.344130s
Mbpp_451.py: 0.005275s
Mbpp_456.py: 0.012708s
Mbpp_460.py: 0.001856s
Mbpp_474.py: 0.000176s
Mbpp_476.py: 0.025844s
Mbpp_477.py: 0.000722s
Mbpp_563.py: 0.006742s
Mbpp_572.py: 0.001103s
Mbpp_578.py: 0.005863s
Mbpp_586.py: 0.000415s
Mbpp_587.py: 0.001323s
Mbpp_588.py: 0.027809s
Mbpp_597.py: 0.008865s
Mbpp_604.py: 0.017778s
Mbpp_611.py: 0.003526s
Mbpp_631.py: 0.037083s
Mbpp_632.py: 0.001731s
Mbpp_633.py: 0.050008s
Mbpp_644.py: 0.008626s
Mbpp_720.py: 0.011420s
Mbpp_725.py: 0.026228s
Mbpp_740.py: 0.001907s
Mbpp_744.py: 0.007795s
Mbpp_750.py: 0.014638s
Mbpp_753.py: 0.080743s
Mbpp_755.py: 0.005785s
Mbpp_757.py: 0.004206s
Mbpp_758.py: 0.003938s
Mbpp_760.py: 0.000169s
Mbpp_764.py: 0.559622s
Mbpp_766.py: 0.137104s
Mbpp_775.py: 0.188959s
Mbpp_781.py: 0.000353s
Mbpp_800.py: 0.001203s
Mbpp_805.py: 0.005655s
Mbpp_808.py: 0.002499s
