HumanEval_0.py: 0.179490s
Mbpp_3.py: 0.000186s
Mbpp_4.py: 0.000982s
HumanEval_4.py: 0.008751s
HumanEval_9.py: 0.003080s
Mbpp_9.py: 0.001876s
Mbpp_11.py: 0.000129s
Mbpp_12.py: 0.005553s
HumanEval_16.py: 0.004487s
Mbpp_16.py: 0.001702s
Mbpp_19.py: 0.001505s
HumanEval_20.py: 0.001882s
HumanEval_24.py: 0.512887s
HumanEval_26.py: 0.004632s
HumanEval_31.py: 0.000080s
HumanEval_36.py: 0.074156s
HumanEval_37.py: 0.001567s
HumanEval_49.py: 0.000003s
HumanEval_51.py: 0.048843s
HumanEval_54.py: 0.008533s
HumanEval_58.py: 0.004767s
HumanEval_59.py: 0.000007s
Mbpp_62.py: 0.021687s
HumanEval_64.py: 0.305700s
HumanEval_74.py: 0.001294s
Mbpp_75.py: 0.000406s
HumanEval_85.py: 0.053082s
HumanEval_87.py: 0.012033s
Mbpp_88.py: 0.007672s
HumanEval_89.py: 1.685317s
HumanEval_90.py: 0.003984s
Mbpp_90.py: 0.001251s
Mbpp_94.py: 0.002782s
Mbpp_96.py: 0.150143s
Mbpp_97.py: 0.001577s
Mbpp_106.py: 0.000823s
HumanEval_113.py: 0.818767s
HumanEval_119.py: 0.000634s
HumanEval_120.py: 0.000043s
HumanEval_121.py: 0.013298s
Mbpp_123.py: 0.146169s
Mbpp_128.py: 0.067861s
Mbpp_129.py: 0.014810s
Mbpp_130.py: 0.001464s
Mbpp_137.py: 0.026811s
Mbpp_141.py: 0.000601s
HumanEval_149.py: 0.075030s
Mbpp_166.py: 0.111691s
Mbpp_170.py: 0.020233s
Mbpp_226.py: 0.001223s
Mbpp_230.py: 0.000312s
Mbpp_239.py: 0.000970s
Mbpp_240.py: 0.001486s
Mbpp_251.py: 0.005618s
Mbpp_256.py: 0.000573s
Mbpp_265.py: 0.038706s
Mbpp_281.py: 0.000733s
Mbpp_296.py: 0.088845s
Mbpp_392.py: 0.000171s
Mbpp_395.py: 0.002956s
Mbpp_405.py: 0.000192s
Mbpp_414.py: 0.000479s
Mbpp_421.py: 0.047479s
Mbpp_424.py: 0.000270s
Mbpp_425.py: 0.002857s
Mbpp_428.py: 0.005535s
Mbpp_433.py: 0.015233s
Mbpp_437.py: 0.474777s
Mbpp_440.py: 0.000023s
Mbpp_446.py: 0.340048s
Mbpp_451.py: 0.005429s
Mbpp_456.py: 0.012723s
Mbpp_460.py: 0.001798s
Mbpp_474.py: 0.000198s
Mbpp_476.py: 0.025478s
Mbpp_477.py: 0.000730s
Mbpp_563.py: 0.006699s
Mbpp_572.py: 0.000980s
Mbpp_578.py: 0.005848s
Mbpp_586.py: 0.000367s
Mbpp_587.py: 0.001311s
Mbpp_588.py: 0.042735s
Mbpp_597.py: 0.010022s
Mbpp_604.py: 0.017185s
Mbpp_611.py: 0.004109s
Mbpp_631.py: 0.037488s
Mbpp_632.py: 0.001632s
Mbpp_633.py: 0.047901s
Mbpp_644.py: 0.008148s
Mbpp_720.py: 0.010255s
Mbpp_725.py: 0.026423s
Mbpp_740.py: 0.001938s
Mbpp_744.py: 0.007816s
Mbpp_750.py: 0.015934s
Mbpp_753.py: 0.081099s
Mbpp_755.py: 0.005859s
Mbpp_757.py: 0.004164s
Mbpp_758.py: 0.003779s
Mbpp_760.py: 0.000136s
Mbpp_764.py: 0.569512s
Mbpp_766.py: 0.131841s
Mbpp_775.py: 0.191137s
Mbpp_781.py: 0.000363s
Mbpp_800.py: 0.001264s
Mbpp_805.py: 0.005573s
Mbpp_808.py: 0.001914s
