HumanEval_0.py: 0.158080s
Mbpp_3.py: 0.000194s
Mbpp_4.py: 0.000963s
HumanEval_4.py: 0.008038s
HumanEval_9.py: 0.002864s
Mbpp_9.py: 0.001666s
Mbpp_11.py: 0.000118s
Mbpp_12.py: 0.004986s
HumanEval_16.py: 0.004060s
Mbpp_16.py: 0.001768s
Mbpp_19.py: 0.001318s
HumanEval_20.py: 0.001752s
HumanEval_24.py: 0.483745s
HumanEval_26.py: 0.004159s
HumanEval_31.py: 0.000074s
HumanEval_36.py: 0.071121s
HumanEval_37.py: 0.001370s
HumanEval_49.py: 0.000004s
HumanEval_51.py: 0.046624s
HumanEval_54.py: 0.008028s
HumanEval_58.py: 0.004465s
HumanEval_59.py: 0.000007s
Mbpp_62.py: 0.016887s
HumanEval_64.py: 0.328636s
HumanEval_74.py: 0.001390s
Mbpp_75.py: 0.000404s
HumanEval_85.py: 0.051645s
HumanEval_87.py: 0.011311s
Mbpp_88.py: 0.007146s
HumanEval_89.py: 1.606943s
HumanEval_90.py: 0.002531s
Mbpp_90.py: 0.001606s
Mbpp_94.py: 0.002573s
Mbpp_96.py: 0.145176s
Mbpp_97.py: 0.001515s
Mbpp_106.py: 0.000820s
HumanEval_113.py: 0.786239s
HumanEval_119.py: 0.000749s
HumanEval_120.py: 0.000043s
HumanEval_121.py: 0.014118s
Mbpp_123.py: 0.155575s
Mbpp_128.py: 0.086407s
Mbpp_129.py: 0.014589s
Mbpp_130.py: 0.001439s
Mbpp_137.py: 0.025904s
Mbpp_141.py: 0.000569s
HumanEval_149.py: 0.073671s
Mbpp_166.py: 0.105768s
Mbpp_170.py: 0.021642s
Mbpp_226.py: 0.001276s
Mbpp_230.py: 0.000332s
Mbpp_239.py: 0.000991s
Mbpp_240.py: 0.001643s
Mbpp_251.py: 0.006956s
Mbpp_256.py: 0.000636s
Mbpp_265.py: 0.047569s
Mbpp_281.py: 0.000786s
Mbpp_296.py: 0.094809s
Mbpp_392.py: 0.000190s
Mbpp_395.py: 0.003398s
Mbpp_405.py: 0.000212s
Mbpp_414.py: 0.000506s
Mbpp_421.py: 0.050135s
Mbpp_424.py: 0.000357s
Mbpp_425.py: 0.002907s
Mbpp_428.py: 0.005310s
Mbpp_433.py: 0.015412s
Mbpp_437.py: 0.459121s
Mbpp_440.py: 0.000152s
Mbpp_446.py: 0.321288s
Mbpp_451.py: 0.005158s
Mbpp_456.py: 0.012283s
Mbpp_460.py: 0.001835s
Mbpp_474.py: 0.000178s
Mbpp_476.py: 0.023767s
Mbpp_477.py: 0.000692s
Mbpp_563.py: 0.006551s
Mbpp_572.py: 0.000960s
Mbpp_578.py: 0.005628s
Mbpp_586.py: 0.000357s
Mbpp_587.py: 0.001247s
Mbpp_588.py: 0.031236s
Mbpp_597.py: 0.008332s
Mbpp_604.py: 0.020192s
Mbpp_611.py: 0.003373s
Mbpp_631.py: 0.037806s
Mbpp_632.py: 0.001658s
Mbpp_633.py: 0.045740s
Mbpp_644.py: 0.008277s
Mbpp_720.py: 0.010823s
Mbpp_725.py: 0.026807s
Mbpp_740.py: 0.001777s
Mbpp_744.py: 0.007476s
Mbpp_750.py: 0.015602s
Mbpp_753.py: 0.076437s
Mbpp_755.py: 0.005603s
Mbpp_757.py: 0.004046s
Mbpp_758.py: 0.003742s
Mbpp_760.py: 0.000142s
Mbpp_764.py: 0.529967s
Mbpp_766.py: 0.132280s
Mbpp_775.py: 0.178862s
Mbpp_781.py: 0.000327s
Mbpp_800.py: 0.001160s
Mbpp_805.py: 0.005572s
Mbpp_808.py: 0.001819s
