HumanEval_0.py: 0.208516s
Mbpp_3.py: 0.000195s
Mbpp_4.py: 0.000995s
HumanEval_4.py: 0.008951s
HumanEval_9.py: 0.003293s
Mbpp_9.py: 0.001937s
Mbpp_11.py: 0.000135s
Mbpp_12.py: 0.005649s
HumanEval_16.py: 0.004529s
Mbpp_16.py: 0.001801s
Mbpp_19.py: 0.001586s
HumanEval_20.py: 0.001954s
HumanEval_24.py: 0.533708s
HumanEval_26.py: 0.004724s
HumanEval_31.py: 0.000083s
HumanEval_36.py: 0.073442s
HumanEval_37.py: 0.001626s
HumanEval_49.py: 0.000004s
HumanEval_51.py: 0.049081s
HumanEval_54.py: 0.008528s
HumanEval_58.py: 0.005049s
HumanEval_59.py: 0.000007s
Mbpp_62.py: 0.019809s
HumanEval_64.py: 0.305623s
HumanEval_74.py: 0.001367s
Mbpp_75.py: 0.000414s
HumanEval_85.py: 0.053770s
HumanEval_87.py: 0.011662s
Mbpp_88.py: 0.007463s
HumanEval_89.py: 1.705338s
HumanEval_90.py: 0.003159s
Mbpp_90.py: 0.001567s
Mbpp_94.py: 0.002805s
Mbpp_96.py: 0.151178s
Mbpp_97.py: 0.001561s
Mbpp_106.py: 0.000802s
HumanEval_113.py: 0.828102s
HumanEval_119.py: 0.000608s
HumanEval_120.py: 0.000045s
HumanEval_121.py: 0.013624s
Mbpp_123.py: 0.143727s
Mbpp_128.py: 0.068357s
Mbpp_129.py: 0.015236s
Mbpp_130.py: 0.001388s
Mbpp_137.py: 0.029694s
Mbpp_141.py: 0.000589s
HumanEval_149.py: 0.082143s
Mbpp_166.py: 0.111098s
Mbpp_170.py: 0.019496s
Mbpp_226.py: 0.001218s
Mbpp_230.py: 0.000313s
Mbpp_239.py: 0.000957s
Mbpp_240.py: 0.001468s
Mbpp_251.py: 0.005523s
Mbpp_256.py: 0.000570s
Mbpp_265.py: 0.040224s
Mbpp_281.py: 0.000759s
Mbpp_296.py: 0.087724s
Mbpp_392.py: 0.000175s
Mbpp_395.py: 0.003092s
Mbpp_405.py: 0.000193s
Mbpp_414.py: 0.000443s
Mbpp_421.py: 0.047381s
Mbpp_424.py: 0.000301s
Mbpp_425.py: 0.003271s
Mbpp_428.py: 0.005680s
Mbpp_433.py: 0.017560s
Mbpp_437.py: 0.480681s
Mbpp_440.py: 0.000023s
Mbpp_446.py: 0.339163s
Mbpp_451.py: 0.005341s
Mbpp_456.py: 0.012804s
Mbpp_460.py: 0.001820s
Mbpp_474.py: 0.000195s
Mbpp_476.py: 0.023040s
Mbpp_477.py: 0.000731s
Mbpp_563.py: 0.006650s
Mbpp_572.py: 0.001007s
Mbpp_578.py: 0.005731s
Mbpp_586.py: 0.000379s
Mbpp_587.py: 0.001340s
Mbpp_588.py: 0.030969s
Mbpp_597.py: 0.011526s
Mbpp_604.py: 0.016891s
Mbpp_611.py: 0.004963s
Mbpp_631.py: 0.037644s
Mbpp_632.py: 0.001582s
Mbpp_633.py: 0.048171s
Mbpp_644.py: 0.008425s
Mbpp_720.py: 0.011023s
Mbpp_725.py: 0.027763s
Mbpp_740.py: 0.001890s
Mbpp_744.py: 0.007712s
Mbpp_750.py: 0.015622s
Mbpp_753.py: 0.079964s
Mbpp_755.py: 0.005812s
Mbpp_757.py: 0.004156s
Mbpp_758.py: 0.003781s
Mbpp_760.py: 0.000131s
Mbpp_764.py: 0.563783s
Mbpp_766.py: 0.135601s
Mbpp_775.py: 0.192401s
Mbpp_781.py: 0.000373s
Mbpp_800.py: 0.001312s
Mbpp_805.py: 0.006081s
Mbpp_808.py: 0.001838s
