HumanEval_0.py: 0.176114s
Mbpp_3.py: 0.000197s
Mbpp_4.py: 0.000994s
HumanEval_4.py: 0.008881s
HumanEval_9.py: 0.003303s
Mbpp_9.py: 0.001881s
Mbpp_11.py: 0.000125s
Mbpp_12.py: 0.005312s
HumanEval_16.py: 0.004429s
Mbpp_16.py: 0.001770s
Mbpp_19.py: 0.001454s
HumanEval_20.py: 0.001898s
HumanEval_24.py: 0.520648s
HumanEval_26.py: 0.004379s
HumanEval_31.py: 0.000079s
HumanEval_36.py: 0.075954s
HumanEval_37.py: 0.001559s
HumanEval_49.py: 0.000003s
HumanEval_51.py: 0.050474s
HumanEval_54.py: 0.008720s
HumanEval_58.py: 0.004765s
HumanEval_59.py: 0.000008s
Mbpp_62.py: 0.018231s
HumanEval_64.py: 0.291944s
HumanEval_74.py: 0.001262s
Mbpp_75.py: 0.000393s
HumanEval_85.py: 0.050575s
HumanEval_87.py: 0.011149s
Mbpp_88.py: 0.007080s
HumanEval_89.py: 1.635676s
HumanEval_90.py: 0.002942s
Mbpp_90.py: 0.001141s
Mbpp_94.py: 0.002643s
Mbpp_96.py: 0.149255s
Mbpp_97.py: 0.001545s
Mbpp_106.py: 0.000816s
HumanEval_113.py: 0.857455s
HumanEval_119.py: 0.000620s
HumanEval_120.py: 0.000042s
HumanEval_121.py: 0.012585s
Mbpp_123.py: 0.139350s
Mbpp_128.py: 0.065472s
Mbpp_129.py: 0.014524s
Mbpp_130.py: 0.001371s
Mbpp_137.py: 0.028463s
Mbpp_141.py: 0.000617s
HumanEval_149.py: 0.076259s
Mbpp_166.py: 0.115779s
Mbpp_170.py: 0.020755s
Mbpp_226.py: 0.001259s
Mbpp_230.py: 0.000306s
Mbpp_239.py: 0.000994s
Mbpp_240.py: 0.001436s
Mbpp_251.py: 0.005682s
Mbpp_256.py: 0.000574s
Mbpp_265.py: 0.038630s
Mbpp_281.py: 0.000732s
Mbpp_296.py: 0.090071s
Mbpp_392.py: 0.000170s
Mbpp_395.py: 0.003094s
Mbpp_405.py: 0.000230s
Mbpp_414.py: 0.000478s
Mbpp_421.py: 0.048161s
Mbpp_424.py: 0.000267s
Mbpp_425.py: 0.002956s
Mbpp_428.py: 0.006042s
Mbpp_433.py: 0.017031s
Mbpp_437.py: 0.453924s
Mbpp_440.py: 0.000013s
Mbpp_446.py: 0.320112s
Mbpp_451.py: 0.005093s
Mbpp_456.py: 0.012283s
Mbpp_460.py: 0.001750s
Mbpp_474.py: 0.000175s
Mbpp_476.py: 0.023239s
Mbpp_477.py: 0.000699s
Mbpp_563.py: 0.006441s
Mbpp_572.py: 0.000985s
Mbpp_578.py: 0.005724s
Mbpp_586.py: 0.000343s
Mbpp_587.py: 0.001251s
Mbpp_588.py: 0.030042s
Mbpp_597.py: 0.000011s
Mbpp_604.py: 0.016247s
Mbpp_611.py: 0.004055s
Mbpp_631.py: 0.033542s
Mbpp_632.py: 0.001790s
Mbpp_633.py: 0.049555s
Mbpp_644.py: 0.008197s
Mbpp_720.py: 0.009957s
Mbpp_725.py: 0.023366s
Mbpp_740.py: 0.001861s
Mbpp_744.py: 0.007557s
Mbpp_750.py: 0.014994s
Mbpp_753.py: 0.081411s
Mbpp_755.py: 0.006163s
Mbpp_757.py: 0.004218s
Mbpp_758.py: 0.004080s
Mbpp_760.py: 0.000162s
Mbpp_764.py: 0.594243s
Mbpp_766.py: 0.133220s
Mbpp_775.py: 0.178890s
Mbpp_781.py: 0.000338s
Mbpp_800.py: 0.001184s
Mbpp_805.py: 0.005681s
Mbpp_808.py: 0.001670s
