HumanEval_0.py: 0.178410s
Mbpp_3.py: 0.000191s
Mbpp_4.py: 0.000984s
HumanEval_4.py: 0.009240s
HumanEval_9.py: 0.003349s
Mbpp_9.py: 0.001917s
Mbpp_11.py: 0.000123s
Mbpp_12.py: 0.005215s
HumanEval_16.py: 0.004175s
Mbpp_16.py: 0.001668s
Mbpp_19.py: 0.001410s
HumanEval_20.py: 0.001877s
HumanEval_24.py: 0.483392s
HumanEval_26.py: 0.004208s
HumanEval_31.py: 0.000071s
HumanEval_36.py: 0.070583s
HumanEval_37.py: 0.001533s
HumanEval_49.py: 0.000003s
HumanEval_51.py: 0.046351s
HumanEval_54.py: 0.007990s
HumanEval_58.py: 0.004557s
HumanEval_59.py: 0.000008s
Mbpp_62.py: 0.018318s
HumanEval_64.py: 0.302830s
HumanEval_74.py: 0.001257s
Mbpp_75.py: 0.000401s
HumanEval_85.py: 0.050859s
HumanEval_87.py: 0.011163s
Mbpp_88.py: 0.007158s
HumanEval_89.py: 1.697853s
HumanEval_90.py: 0.002998s
Mbpp_90.py: 0.001558s
Mbpp_94.py: 0.002682s
Mbpp_96.py: 0.143034s
Mbpp_97.py: 0.001493s
Mbpp_106.py: 0.000787s
HumanEval_113.py: 0.780749s
HumanEval_119.py: 0.000727s
HumanEval_120.py: 0.000041s
HumanEval_121.py: 0.012587s
Mbpp_123.py: 0.135669s
Mbpp_128.py: 0.066119s
Mbpp_129.py: 0.015372s
Mbpp_130.py: 0.001350s
Mbpp_137.py: 0.026982s
Mbpp_141.py: 0.000589s
HumanEval_149.py: 0.079107s
Mbpp_166.py: 0.118403s
Mbpp_170.py: 0.019805s
Mbpp_226.py: 0.001197s
Mbpp_230.py: 0.000286s
Mbpp_239.py: 0.000928s
Mbpp_240.py: 0.001446s
Mbpp_251.py: 0.005215s
Mbpp_256.py: 0.000550s
Mbpp_265.py: 0.042729s
Mbpp_281.py: 0.000750s
Mbpp_296.py: 0.084020s
Mbpp_392.py: 0.000164s
Mbpp_395.py: 0.002765s
Mbpp_405.py: 0.000183s
Mbpp_414.py: 0.000461s
Mbpp_421.py: 0.044302s
Mbpp_424.py: 0.000319s
Mbpp_425.py: 0.002781s
Mbpp_428.py: 0.005200s
Mbpp_433.py: 0.017218s
Mbpp_437.py: 0.486863s
Mbpp_440.py: 0.000012s
Mbpp_446.py: 0.320363s
Mbpp_451.py: 0.005098s
Mbpp_456.py: 0.012417s
Mbpp_460.py: 0.001811s
Mbpp_474.py: 0.000192s
Mbpp_476.py: 0.025249s
Mbpp_477.py: 0.000692s
Mbpp_563.py: 0.006717s
Mbpp_572.py: 0.001076s
Mbpp_578.py: 0.005979s
Mbpp_586.py: 0.000386s
Mbpp_587.py: 0.001323s
Mbpp_588.py: 0.029560s
Mbpp_597.py: 0.000012s
Mbpp_604.py: 0.015547s
Mbpp_611.py: 0.005400s
Mbpp_631.py: 0.038962s
Mbpp_632.py: 0.001601s
Mbpp_633.py: 0.049197s
Mbpp_644.py: 0.008678s
Mbpp_720.py: 0.010162s
Mbpp_725.py: 0.028115s
Mbpp_740.py: 0.001932s
Mbpp_744.py: 0.007989s
Mbpp_750.py: 0.015043s
Mbpp_753.py: 0.080892s
Mbpp_755.py: 0.006016s
Mbpp_757.py: 0.004204s
Mbpp_758.py: 0.003743s
Mbpp_760.py: 0.000137s
Mbpp_764.py: 0.575831s
Mbpp_766.py: 0.140485s
Mbpp_775.py: 0.190187s
Mbpp_781.py: 0.000350s
Mbpp_800.py: 0.001221s
Mbpp_805.py: 0.005727s
Mbpp_808.py: 0.001616s
