Mbpp_3.py: 0.000370s
HumanEval_9.py: 0.005983s
Mbpp_9.py: 0.000891s
Mbpp_12.py: 0.007067s
HumanEval_16.py: 0.004585s
Mbpp_19.py: 0.001457s
HumanEval_31.py: 0.846179s
HumanEval_33.py: 0.002519s
HumanEval_34.py: 0.004883s
HumanEval_58.py: 0.004755s
Mbpp_62.py: 0.018217s
Mbpp_75.py: 0.000407s
HumanEval_85.py: 0.020669s
Mbpp_88.py: 0.002000s
HumanEval_89.py: 0.669467s
Mbpp_90.py: 0.000752s
Mbpp_94.py: 0.000911s
Mbpp_97.py: 0.003538s
Mbpp_106.py: 0.001158s
HumanEval_113.py: 1.844304s
HumanEval_121.py: 0.009437s
Mbpp_123.py: 0.297158s
Mbpp_128.py: 0.066319s
Mbpp_130.py: 0.003607s
Mbpp_137.py: 0.091268s
Mbpp_140.py: 0.009239s
Mbpp_141.py: 0.000706s
HumanEval_149.py: 0.040907s
Mbpp_166.py: 0.101244s
Mbpp_170.py: 0.027614s
Mbpp_226.py: 0.273139s
Mbpp_230.py: 0.000292s
Mbpp_239.py: 0.000853s
Mbpp_240.py: 0.000912s
Mbpp_251.py: 0.003578s
Mbpp_256.py: 1.813657s
Mbpp_265.py: 0.043911s
Mbpp_281.py: 0.000704s
Mbpp_296.py: 4.682471s
Mbpp_308.py: 0.023879s
Mbpp_392.py: 0.215164s
Mbpp_395.py: 0.003094s
Mbpp_405.py: 0.000197s
Mbpp_421.py: 0.032430s
Mbpp_424.py: 0.000700s
Mbpp_425.py: 0.002890s
Mbpp_433.py: 0.166691s
Mbpp_437.py: 0.334291s
Mbpp_446.py: 0.001152s
Mbpp_451.py: 0.005359s
Mbpp_456.py: 0.012877s
Mbpp_460.py: 0.001791s
Mbpp_474.py: 0.000189s
Mbpp_477.py: 0.000726s
Mbpp_563.py: 0.006720s
Mbpp_572.py: 0.915700s
Mbpp_578.py: 0.005298s
Mbpp_586.py: 0.000363s
Mbpp_587.py: 0.001256s
Mbpp_597.py: 0.021928s
Mbpp_604.py: 0.015701s
Mbpp_610.py: 0.025180s
Mbpp_611.py: 0.003210s
Mbpp_632.py: 0.001898s
Mbpp_633.py: 0.021133s
Mbpp_644.py: 0.007769s
Mbpp_720.py: 0.010225s
Mbpp_725.py: 0.045072s
Mbpp_740.py: 0.004336s
Mbpp_744.py: 0.143659s
Mbpp_750.py: 0.007666s
Mbpp_753.py: 0.076247s
Mbpp_754.py: 0.002404s
Mbpp_757.py: 58.629170s
Mbpp_758.py: 0.005641s
Mbpp_760.py: 0.000125s
Mbpp_764.py: 0.211448s
Mbpp_766.py: 0.214351s
Mbpp_775.py: 0.006574s
Mbpp_777.py: 0.004081s
Mbpp_781.py: 0.000332s
Mbpp_800.py: 0.005104s
Mbpp_805.py: 0.005712s
Mbpp_808.py: 0.004136s
