HumanEval_0.py: 0.168038s
Mbpp_3.py: 0.000382s
Mbpp_4.py: 0.001030s
HumanEval_4.py: 0.008774s
HumanEval_9.py: 0.003046s
Mbpp_12.py: 0.005529s
HumanEval_16.py: 0.005306s
Mbpp_19.py: 0.001449s
HumanEval_20.py: 0.001895s
HumanEval_24.py: 1.021288s
HumanEval_31.py: 0.000071s
HumanEval_34.py: 0.004458s
HumanEval_37.py: 0.002031s
HumanEval_49.py: 0.000004s
HumanEval_51.py: 0.048895s
HumanEval_58.py: 0.004670s
Mbpp_62.py: 0.020543s
HumanEval_74.py: 0.001409s
Mbpp_75.py: 0.000432s
HumanEval_85.py: 0.054326s
HumanEval_86.py: 0.432860s
HumanEval_87.py: 0.011518s
Mbpp_88.py: 9.997036s
HumanEval_90.py: 0.002950s
Mbpp_90.py: 0.001634s
Mbpp_94.py: 0.002751s
Mbpp_97.py: 0.001306s
Mbpp_106.py: 0.000800s
Mbpp_108.py: 0.005900s
HumanEval_113.py: 1.445406s
HumanEval_120.py: 0.000037s
HumanEval_121.py: 0.008903s
Mbpp_123.py: 0.008972s
Mbpp_128.py: 0.069201s
Mbpp_129.py: 0.014796s
Mbpp_130.py: 0.001438s
Mbpp_141.py: 0.000601s
HumanEval_149.py: 0.060614s
Mbpp_166.py: 0.000121s
Mbpp_170.py: 0.020998s
Mbpp_226.py: 0.001216s
Mbpp_230.py: 0.000307s
Mbpp_240.py: 0.000901s
Mbpp_251.py: 0.005909s
Mbpp_256.py: 0.001453s
Mbpp_265.py: 0.037189s
Mbpp_281.py: 0.000132s
Mbpp_296.py: 0.033667s
Mbpp_308.py: 0.039206s
Mbpp_392.py: 0.000164s
Mbpp_395.py: 0.008310s
Mbpp_405.py: 0.000191s
Mbpp_414.py: 0.001951s
Mbpp_421.py: 0.011026s
Mbpp_424.py: 0.000191s
Mbpp_425.py: 0.002909s
Mbpp_428.py: 0.005632s
Mbpp_433.py: 0.102030s
Mbpp_437.py: 0.001208s
Mbpp_446.py: 0.338612s
Mbpp_451.py: 0.005343s
Mbpp_456.py: 0.012970s
Mbpp_460.py: 0.001868s
Mbpp_474.py: 0.000194s
Mbpp_476.py: 0.023661s
Mbpp_477.py: 0.000732s
Mbpp_572.py: 0.000830s
Mbpp_578.py: 0.006189s
Mbpp_586.py: 0.000393s
Mbpp_587.py: 0.001342s
Mbpp_588.py: 0.029368s
Mbpp_597.py: 0.025956s
Mbpp_604.py: 0.016535s
Mbpp_610.py: 0.029464s
Mbpp_611.py: 0.003547s
Mbpp_631.py: 0.033492s
Mbpp_632.py: 0.001888s
Mbpp_644.py: 0.008118s
Mbpp_720.py: 0.011820s
Mbpp_725.py: 0.044360s
Mbpp_740.py: 0.001924s
Mbpp_744.py: 0.007911s
Mbpp_750.py: 0.014781s
Mbpp_753.py: 0.083231s
Mbpp_754.py: 0.001726s
Mbpp_755.py: 0.006222s
Mbpp_757.py: 0.004612s
Mbpp_758.py: 0.004056s
Mbpp_760.py: 0.000134s
Mbpp_764.py: 0.576148s
Mbpp_766.py: 0.141307s
Mbpp_775.py: 0.059829s
Mbpp_777.py: 41.188836s
Mbpp_781.py: 0.000337s
Mbpp_800.py: 0.001217s
Mbpp_805.py: 0.005479s
Mbpp_808.py: 0.001751s
