HumanEval_0.py: 0.166652s
Mbpp_3.py: 0.000396s
Mbpp_4.py: 0.001006s
HumanEval_4.py: 0.012071s
HumanEval_9.py: 0.003091s
Mbpp_12.py: 0.006230s
HumanEval_16.py: 0.004987s
Mbpp_19.py: 0.001424s
HumanEval_20.py: 0.001731s
HumanEval_24.py: 0.999674s
HumanEval_31.py: 0.000068s
HumanEval_34.py: 0.004320s
HumanEval_37.py: 0.001907s
HumanEval_49.py: 0.000004s
HumanEval_51.py: 0.046938s
HumanEval_58.py: 0.004520s
Mbpp_62.py: 0.018447s
HumanEval_74.py: 0.001290s
Mbpp_75.py: 0.000391s
HumanEval_85.py: 0.051289s
HumanEval_86.py: 0.422240s
HumanEval_87.py: 0.010705s
Mbpp_88.py: 9.601001s
HumanEval_90.py: 0.002859s
Mbpp_90.py: 0.001569s
Mbpp_94.py: 0.002664s
Mbpp_97.py: 0.001279s
Mbpp_106.py: 0.000783s
Mbpp_108.py: 0.005693s
HumanEval_113.py: 1.416685s
HumanEval_120.py: 0.000037s
HumanEval_121.py: 0.008787s
Mbpp_123.py: 0.009619s
Mbpp_128.py: 0.070693s
Mbpp_129.py: 0.014595s
Mbpp_130.py: 0.001430s
Mbpp_141.py: 0.000607s
HumanEval_149.py: 0.061916s
Mbpp_166.py: 0.000128s
Mbpp_170.py: 0.020451s
Mbpp_226.py: 0.001159s
Mbpp_230.py: 0.000297s
Mbpp_240.py: 0.000870s
Mbpp_251.py: 0.005190s
Mbpp_256.py: 0.001382s
Mbpp_265.py: 0.037188s
Mbpp_281.py: 0.000125s
Mbpp_296.py: 0.031760s
Mbpp_308.py: 0.037425s
Mbpp_392.py: 0.000157s
Mbpp_395.py: 0.007911s
Mbpp_405.py: 0.000184s
Mbpp_414.py: 0.001901s
Mbpp_421.py: 0.011018s
Mbpp_424.py: 0.000199s
Mbpp_425.py: 0.002806s
Mbpp_428.py: 0.005306s
Mbpp_433.py: 0.088958s
Mbpp_437.py: 0.001195s
Mbpp_446.py: 0.320954s
Mbpp_451.py: 0.005055s
Mbpp_456.py: 0.012261s
Mbpp_460.py: 0.001563s
Mbpp_474.py: 0.000186s
Mbpp_476.py: 0.023591s
Mbpp_477.py: 0.000691s
Mbpp_572.py: 0.000795s
Mbpp_578.py: 0.005657s
Mbpp_586.py: 0.000367s
Mbpp_587.py: 0.001291s
Mbpp_588.py: 0.029541s
Mbpp_597.py: 0.025751s
Mbpp_604.py: 0.017234s
Mbpp_610.py: 0.028361s
Mbpp_611.py: 0.003340s
Mbpp_631.py: 0.031400s
Mbpp_632.py: 0.001831s
Mbpp_644.py: 0.008183s
Mbpp_720.py: 0.009951s
Mbpp_725.py: 0.043066s
Mbpp_740.py: 0.001832s
Mbpp_744.py: 0.007451s
Mbpp_750.py: 0.014952s
Mbpp_753.py: 0.078366s
Mbpp_754.py: 0.001546s
Mbpp_755.py: 0.005705s
Mbpp_757.py: 0.004242s
Mbpp_758.py: 0.003742s
Mbpp_760.py: 0.000124s
Mbpp_764.py: 0.543166s
Mbpp_766.py: 0.135701s
Mbpp_775.py: 0.057882s
Mbpp_777.py: 40.247157s
Mbpp_781.py: 0.000342s
Mbpp_800.py: 0.001215s
Mbpp_805.py: 0.005436s
Mbpp_808.py: 0.001591s
