HumanEval_0.py: 0.000180s
HumanEval_1.py: 0.000221s
HumanEval_2.py: 0.000019s
HumanEval_3.py: 0.000046s
HumanEval_4.py: 0.000146s
HumanEval_5.py: 0.000078s
HumanEval_6.py: 0.000331s
HumanEval_7.py: 0.000047s
HumanEval_8.py: 0.000043s
HumanEval_9.py: 0.000061s
HumanEval_10.py: 0.000060s
HumanEval_11.py: 0.000122s
HumanEval_12.py: 0.000067s
HumanEval_13.py: 0.000028s
HumanEval_14.py: 0.000054s
HumanEval_15.py: 0.000098s
HumanEval_16.py: 0.000062s
HumanEval_17.py: 0.000108s
HumanEval_18.py: 0.000107s
HumanEval_19.py: 0.000206s
HumanEval_20.py: 0.000183s
HumanEval_21.py: 0.000131s
HumanEval_22.py: 0.000041s
HumanEval_23.py: 0.000015s
HumanEval_24.py: 0.000042s
HumanEval_25.py: 0.000225s
HumanEval_26.py: 0.000211s
HumanEval_27.py: 0.000026s
HumanEval_28.py: 0.000020s
HumanEval_29.py: 0.000043s
HumanEval_30.py: 0.000042s
HumanEval_31.py: 0.000145s
HumanEval_33.py: 0.000410s
HumanEval_34.py: 0.000015s
HumanEval_35.py: 0.000020s
HumanEval_36.py: 0.223995s
HumanEval_37.py: 0.000148s
HumanEval_38.py: 0.053928s
HumanEval_39.py: 0.012856s
HumanEval_40.py: 0.000236s
HumanEval_41.py: 0.000014s
HumanEval_42.py: 0.000033s
HumanEval_43.py: 0.000088s
HumanEval_44.py: 0.000272s
HumanEval_45.py: 0.000011s
HumanEval_46.py: 0.000116s
HumanEval_47.py: 0.000064s
HumanEval_48.py: 0.000027s
HumanEval_49.py: 0.000092s
HumanEval_50.py: 0.069686s
HumanEval_51.py: 0.000180s
HumanEval_52.py: 0.000119s
HumanEval_53.py: 0.005839s
HumanEval_54.py: 0.000057s
HumanEval_55.py: 0.000048s
HumanEval_56.py: 0.000155s
HumanEval_57.py: 0.000389s
HumanEval_58.py: 0.000060s
HumanEval_59.py: 0.000084s
HumanEval_60.py: 0.000018s
HumanEval_61.py: 0.000152s
HumanEval_62.py: 0.000079s
HumanEval_63.py: 0.000179s
HumanEval_64.py: 0.000178s
HumanEval_66.py: 0.000303s
HumanEval_67.py: 0.000077s
HumanEval_68.py: 0.000159s
HumanEval_69.py: 0.002044s
HumanEval_70.py: 0.000716s
HumanEval_71.py: 0.000092s
HumanEval_72.py: 0.000044s
HumanEval_73.py: 0.000088s
HumanEval_74.py: 0.000350s
HumanEval_76.py: 0.000053s
HumanEval_77.py: 0.000118s
HumanEval_78.py: 0.000176s
HumanEval_79.py: 0.000031s
HumanEval_80.py: 0.000159s
HumanEval_81.py: 0.000125s
HumanEval_82.py: 0.000141s
HumanEval_84.py: 0.000143s
HumanEval_85.py: 0.000083s
HumanEval_87.py: 0.000481s
HumanEval_88.py: 0.000086s
HumanEval_89.py: 0.001004s
HumanEval_90.py: 0.000096s
HumanEval_92.py: 0.000218s
HumanEval_94.py: 0.000982s
HumanEval_95.py: 0.000406s
HumanEval_96.py: 0.001279s
HumanEval_97.py: 0.000058s
HumanEval_98.py: 0.000153s
HumanEval_99.py: 0.000046s
HumanEval_100.py: 0.000092s
HumanEval_101.py: 0.000248s
HumanEval_102.py: 0.000043s
HumanEval_103.py: 0.000372s
HumanEval_104.py: 0.000343s
HumanEval_105.py: 0.000153s
HumanEval_106.py: 0.000160s
HumanEval_107.py: 0.000963s
HumanEval_109.py: 0.000067s
HumanEval_110.py: 0.000243s
HumanEval_111.py: 0.000664s
HumanEval_112.py: 0.000239s
HumanEval_113.py: 0.000214s
HumanEval_114.py: 0.000442s
HumanEval_115.py: 0.000139s
HumanEval_116.py: 0.000492s
HumanEval_117.py: 0.000672s
HumanEval_118.py: 0.000176s
HumanEval_119.py: 0.000272s
HumanEval_120.py: 0.000142s
HumanEval_122.py: 0.000095s
HumanEval_123.py: 0.000191s
HumanEval_124.py: 0.000212s
HumanEval_125.py: 0.000255s
HumanEval_126.py: 0.000714s
HumanEval_127.py: 0.000146s
HumanEval_128.py: 0.000377s
HumanEval_130.py: 0.000351s
HumanEval_131.py: 0.000143s
HumanEval_133.py: 0.000498s
HumanEval_136.py: 0.000300s
HumanEval_137.py: 0.000165s
HumanEval_138.py: 0.000025s
HumanEval_139.py: 0.000076s
HumanEval_142.py: 0.000343s
HumanEval_143.py: 0.000398s
HumanEval_144.py: 0.000249s
HumanEval_147.py: 0.289399s
HumanEval_148.py: 0.000088s
HumanEval_149.py: 0.000268s
HumanEval_150.py: 0.000161s
HumanEval_151.py: 0.001005s
HumanEval_152.py: 0.000088s
HumanEval_153.py: 0.002047s
HumanEval_154.py: 0.000086s
HumanEval_155.py: 0.000373s
HumanEval_156.py: 0.000319s
HumanEval_157.py: 0.000196s
HumanEval_158.py: 0.001494s
HumanEval_159.py: 0.000048s
HumanEval_161.py: 0.000471s
HumanEval_162.py: 0.000084s
HumanEval_163.py: 0.000165s
