HumanEval_0.py: 0.000193s
HumanEval_1.py: 0.000243s
HumanEval_2.py: 0.000021s
HumanEval_3.py: 0.000048s
HumanEval_4.py: 0.000160s
HumanEval_5.py: 0.000087s
HumanEval_6.py: 0.000373s
HumanEval_7.py: 0.000055s
HumanEval_8.py: 0.000051s
HumanEval_9.py: 0.000073s
HumanEval_10.py: 0.000069s
HumanEval_11.py: 0.000138s
HumanEval_12.py: 0.000083s
HumanEval_13.py: 0.000032s
HumanEval_14.py: 0.000063s
HumanEval_15.py: 0.000116s
HumanEval_16.py: 0.000070s
HumanEval_17.py: 0.000129s
HumanEval_18.py: 0.000127s
HumanEval_19.py: 0.000236s
HumanEval_20.py: 0.000219s
HumanEval_21.py: 0.000145s
HumanEval_22.py: 0.000046s
HumanEval_23.py: 0.000018s
HumanEval_24.py: 0.000049s
HumanEval_25.py: 0.000264s
HumanEval_26.py: 0.000249s
HumanEval_27.py: 0.000029s
HumanEval_28.py: 0.000024s
HumanEval_29.py: 0.000052s
HumanEval_30.py: 0.000050s
HumanEval_31.py: 0.000168s
HumanEval_33.py: 0.000477s
HumanEval_34.py: 0.000018s
HumanEval_35.py: 0.000019s
HumanEval_36.py: 0.234778s
HumanEval_37.py: 0.000156s
HumanEval_38.py: 0.058039s
HumanEval_39.py: 0.013952s
HumanEval_40.py: 0.000258s
HumanEval_41.py: 0.000015s
HumanEval_42.py: 0.000035s
HumanEval_43.py: 0.000094s
HumanEval_44.py: 0.000293s
HumanEval_45.py: 0.000011s
HumanEval_46.py: 0.000126s
HumanEval_47.py: 0.000073s
HumanEval_48.py: 0.000028s
HumanEval_49.py: 0.000101s
HumanEval_50.py: 0.096035s
HumanEval_51.py: 0.000298s
HumanEval_52.py: 0.000193s
HumanEval_53.py: 0.008544s
HumanEval_54.py: 0.000080s
HumanEval_55.py: 0.000068s
HumanEval_56.py: 0.000208s
HumanEval_57.py: 0.000539s
HumanEval_58.py: 0.000082s
HumanEval_59.py: 0.000117s
HumanEval_60.py: 0.000026s
HumanEval_61.py: 0.000217s
HumanEval_62.py: 0.000109s
HumanEval_63.py: 0.000229s
HumanEval_64.py: 0.000232s
HumanEval_66.py: 0.000394s
HumanEval_67.py: 0.000099s
HumanEval_68.py: 0.000204s
HumanEval_69.py: 0.002599s
HumanEval_70.py: 0.000907s
HumanEval_71.py: 0.000117s
HumanEval_72.py: 0.000055s
HumanEval_73.py: 0.000107s
HumanEval_74.py: 0.000431s
HumanEval_76.py: 0.000062s
HumanEval_77.py: 0.000145s
HumanEval_78.py: 0.000207s
HumanEval_79.py: 0.000037s
HumanEval_80.py: 0.000189s
HumanEval_81.py: 0.000149s
HumanEval_82.py: 0.000168s
HumanEval_84.py: 0.000168s
HumanEval_85.py: 0.000095s
HumanEval_87.py: 0.000565s
HumanEval_88.py: 0.000101s
HumanEval_89.py: 0.001160s
HumanEval_90.py: 0.000117s
HumanEval_92.py: 0.000264s
HumanEval_94.py: 0.001107s
HumanEval_95.py: 0.000461s
HumanEval_96.py: 0.001453s
HumanEval_97.py: 0.000063s
HumanEval_98.py: 0.000171s
HumanEval_99.py: 0.000052s
HumanEval_100.py: 0.000101s
HumanEval_101.py: 0.000276s
HumanEval_102.py: 0.000048s
HumanEval_103.py: 0.000433s
HumanEval_104.py: 0.000380s
HumanEval_105.py: 0.000173s
HumanEval_106.py: 0.000176s
HumanEval_107.py: 0.001021s
HumanEval_109.py: 0.000070s
HumanEval_110.py: 0.000259s
HumanEval_111.py: 0.000701s
HumanEval_112.py: 0.000251s
HumanEval_113.py: 0.000228s
HumanEval_114.py: 0.000461s
HumanEval_115.py: 0.000139s
HumanEval_116.py: 0.000501s
HumanEval_117.py: 0.000707s
HumanEval_118.py: 0.000184s
HumanEval_119.py: 0.000270s
HumanEval_120.py: 0.000150s
HumanEval_122.py: 0.000101s
HumanEval_123.py: 0.000202s
HumanEval_124.py: 0.000219s
HumanEval_125.py: 0.000278s
HumanEval_126.py: 0.000731s
HumanEval_127.py: 0.000149s
HumanEval_128.py: 0.000375s
HumanEval_130.py: 0.000356s
HumanEval_131.py: 0.000147s
HumanEval_133.py: 0.000494s
HumanEval_136.py: 0.000316s
HumanEval_137.py: 0.000169s
HumanEval_138.py: 0.000025s
HumanEval_139.py: 0.000078s
HumanEval_142.py: 0.000348s
HumanEval_143.py: 0.000398s
HumanEval_144.py: 0.000250s
HumanEval_147.py: 0.287903s
HumanEval_148.py: 0.000088s
HumanEval_149.py: 0.000262s
HumanEval_150.py: 0.000156s
HumanEval_151.py: 0.000997s
HumanEval_152.py: 0.000087s
HumanEval_153.py: 0.002030s
HumanEval_154.py: 0.000085s
HumanEval_155.py: 0.000374s
HumanEval_156.py: 0.000329s
HumanEval_157.py: 0.000194s
HumanEval_158.py: 0.001548s
HumanEval_159.py: 0.000050s
HumanEval_161.py: 0.000489s
HumanEval_162.py: 0.000084s
HumanEval_163.py: 0.000166s
