HumanEval_0.py: 0.000180s
HumanEval_1.py: 0.000225s
HumanEval_2.py: 0.000019s
HumanEval_3.py: 0.000044s
HumanEval_4.py: 0.000148s
HumanEval_5.py: 0.000076s
HumanEval_6.py: 0.000338s
HumanEval_7.py: 0.000048s
HumanEval_8.py: 0.000044s
HumanEval_9.py: 0.000061s
HumanEval_10.py: 0.000061s
HumanEval_11.py: 0.000121s
HumanEval_12.py: 0.000069s
HumanEval_13.py: 0.000027s
HumanEval_14.py: 0.000054s
HumanEval_15.py: 0.000100s
HumanEval_16.py: 0.000059s
HumanEval_17.py: 0.000108s
HumanEval_18.py: 0.000108s
HumanEval_19.py: 0.000204s
HumanEval_20.py: 0.000184s
HumanEval_21.py: 0.000129s
HumanEval_22.py: 0.000039s
HumanEval_23.py: 0.000015s
HumanEval_24.py: 0.000041s
HumanEval_25.py: 0.000218s
HumanEval_26.py: 0.000212s
HumanEval_27.py: 0.000026s
HumanEval_28.py: 0.000021s
HumanEval_29.py: 0.000045s
HumanEval_30.py: 0.000044s
HumanEval_31.py: 0.000144s
HumanEval_33.py: 0.000409s
HumanEval_34.py: 0.000016s
HumanEval_35.py: 0.000017s
HumanEval_36.py: 0.216915s
HumanEval_37.py: 0.000143s
HumanEval_38.py: 0.056482s
HumanEval_39.py: 0.013864s
HumanEval_40.py: 0.000260s
HumanEval_41.py: 0.000015s
HumanEval_42.py: 0.000035s
HumanEval_43.py: 0.000094s
HumanEval_44.py: 0.000287s
HumanEval_45.py: 0.000011s
HumanEval_46.py: 0.000124s
HumanEval_47.py: 0.000071s
HumanEval_48.py: 0.000029s
HumanEval_49.py: 0.000120s
HumanEval_50.py: 0.074253s
HumanEval_51.py: 0.000193s
HumanEval_52.py: 0.000124s
HumanEval_53.py: 0.006146s
HumanEval_54.py: 0.000063s
HumanEval_55.py: 0.000052s
HumanEval_56.py: 0.000169s
HumanEval_57.py: 0.000418s
HumanEval_58.py: 0.000065s
HumanEval_59.py: 0.000094s
HumanEval_60.py: 0.000019s
HumanEval_61.py: 0.000165s
HumanEval_62.py: 0.000084s
HumanEval_63.py: 0.000186s
HumanEval_64.py: 0.000197s
HumanEval_66.py: 0.000327s
HumanEval_67.py: 0.000084s
HumanEval_68.py: 0.000168s
HumanEval_69.py: 0.002272s
HumanEval_70.py: 0.000798s
HumanEval_71.py: 0.000103s
HumanEval_72.py: 0.000048s
HumanEval_73.py: 0.000098s
HumanEval_74.py: 0.000382s
HumanEval_76.py: 0.000057s
HumanEval_77.py: 0.000130s
HumanEval_78.py: 0.000203s
HumanEval_79.py: 0.000037s
HumanEval_80.py: 0.000183s
HumanEval_81.py: 0.000144s
HumanEval_82.py: 0.000164s
HumanEval_84.py: 0.000160s
HumanEval_85.py: 0.000093s
HumanEval_87.py: 0.000551s
HumanEval_88.py: 0.000099s
HumanEval_89.py: 0.001160s
HumanEval_90.py: 0.000116s
HumanEval_92.py: 0.000263s
HumanEval_94.py: 0.001146s
HumanEval_95.py: 0.000477s
HumanEval_96.py: 0.001481s
HumanEval_97.py: 0.000065s
HumanEval_98.py: 0.000172s
HumanEval_99.py: 0.000053s
HumanEval_100.py: 0.000105s
HumanEval_101.py: 0.000278s
HumanEval_102.py: 0.000048s
HumanEval_103.py: 0.000422s
HumanEval_104.py: 0.000388s
HumanEval_105.py: 0.000174s
HumanEval_106.py: 0.000180s
HumanEval_107.py: 0.001061s
HumanEval_109.py: 0.000074s
HumanEval_110.py: 0.000279s
HumanEval_111.py: 0.000735s
HumanEval_112.py: 0.000268s
HumanEval_113.py: 0.000242s
HumanEval_114.py: 0.000509s
HumanEval_115.py: 0.000150s
HumanEval_116.py: 0.000538s
HumanEval_117.py: 0.000770s
HumanEval_118.py: 0.000190s
HumanEval_119.py: 0.000309s
HumanEval_120.py: 0.000169s
HumanEval_122.py: 0.000108s
HumanEval_123.py: 0.000223s
HumanEval_124.py: 0.000252s
HumanEval_125.py: 0.000290s
HumanEval_126.py: 0.000822s
HumanEval_127.py: 0.000173s
HumanEval_128.py: 0.000428s
HumanEval_130.py: 0.000407s
HumanEval_131.py: 0.000166s
HumanEval_133.py: 0.000563s
HumanEval_136.py: 0.000348s
HumanEval_137.py: 0.000187s
HumanEval_138.py: 0.000029s
HumanEval_139.py: 0.000095s
HumanEval_142.py: 0.000408s
HumanEval_143.py: 0.000471s
HumanEval_144.py: 0.000290s
HumanEval_147.py: 0.314170s
HumanEval_148.py: 0.000091s
HumanEval_149.py: 0.000287s
HumanEval_150.py: 0.000168s
HumanEval_151.py: 0.001056s
HumanEval_152.py: 0.000093s
HumanEval_153.py: 0.002182s
HumanEval_154.py: 0.000092s
HumanEval_155.py: 0.000400s
HumanEval_156.py: 0.000349s
HumanEval_157.py: 0.000212s
HumanEval_158.py: 0.001634s
HumanEval_159.py: 0.000051s
HumanEval_161.py: 0.000524s
HumanEval_162.py: 0.000092s
HumanEval_163.py: 0.000177s
