HumanEval_0.py: 0.000180s
HumanEval_1.py: 0.000226s
HumanEval_2.py: 0.000019s
HumanEval_3.py: 0.000045s
HumanEval_4.py: 0.000144s
HumanEval_5.py: 0.000079s
HumanEval_6.py: 0.000334s
HumanEval_7.py: 0.000046s
HumanEval_8.py: 0.000043s
HumanEval_9.py: 0.000062s
HumanEval_10.py: 0.000061s
HumanEval_11.py: 0.000118s
HumanEval_12.py: 0.000069s
HumanEval_13.py: 0.000027s
HumanEval_14.py: 0.000056s
HumanEval_15.py: 0.000098s
HumanEval_16.py: 0.000060s
HumanEval_17.py: 0.000107s
HumanEval_18.py: 0.000107s
HumanEval_19.py: 0.000204s
HumanEval_20.py: 0.000188s
HumanEval_21.py: 0.000127s
HumanEval_22.py: 0.000041s
HumanEval_23.py: 0.000016s
HumanEval_24.py: 0.000041s
HumanEval_25.py: 0.000222s
HumanEval_26.py: 0.000212s
HumanEval_27.py: 0.000026s
HumanEval_28.py: 0.000020s
HumanEval_29.py: 0.000043s
HumanEval_30.py: 0.000043s
HumanEval_31.py: 0.000149s
HumanEval_33.py: 0.000406s
HumanEval_34.py: 0.000015s
HumanEval_35.py: 0.000017s
HumanEval_36.py: 0.217868s
HumanEval_37.py: 0.000143s
HumanEval_38.py: 0.054245s
HumanEval_39.py: 0.013030s
HumanEval_40.py: 0.000243s
HumanEval_41.py: 0.000013s
HumanEval_42.py: 0.000032s
HumanEval_43.py: 0.000088s
HumanEval_44.py: 0.000269s
HumanEval_45.py: 0.000011s
HumanEval_46.py: 0.000118s
HumanEval_47.py: 0.000066s
HumanEval_48.py: 0.000026s
HumanEval_49.py: 0.000093s
HumanEval_50.py: 0.070639s
HumanEval_51.py: 0.000184s
HumanEval_52.py: 0.000121s
HumanEval_53.py: 0.005741s
HumanEval_54.py: 0.000059s
HumanEval_55.py: 0.000049s
HumanEval_56.py: 0.000154s
HumanEval_57.py: 0.000390s
HumanEval_58.py: 0.000061s
HumanEval_59.py: 0.000082s
HumanEval_60.py: 0.000018s
HumanEval_61.py: 0.000159s
HumanEval_62.py: 0.000077s
HumanEval_63.py: 0.000171s
HumanEval_64.py: 0.000179s
HumanEval_66.py: 0.000309s
HumanEval_67.py: 0.000078s
HumanEval_68.py: 0.000157s
HumanEval_69.py: 0.002048s
HumanEval_70.py: 0.000721s
HumanEval_71.py: 0.000093s
HumanEval_72.py: 0.000043s
HumanEval_73.py: 0.000085s
HumanEval_74.py: 0.000350s
HumanEval_76.py: 0.000051s
HumanEval_77.py: 0.000118s
HumanEval_78.py: 0.000180s
HumanEval_79.py: 0.000031s
HumanEval_80.py: 0.000157s
HumanEval_81.py: 0.000126s
HumanEval_82.py: 0.000141s
HumanEval_84.py: 0.000142s
HumanEval_85.py: 0.000080s
HumanEval_87.py: 0.000485s
HumanEval_88.py: 0.000086s
HumanEval_89.py: 0.000989s
HumanEval_90.py: 0.000097s
HumanEval_92.py: 0.000221s
HumanEval_94.py: 0.000978s
HumanEval_95.py: 0.000414s
HumanEval_96.py: 0.001323s
HumanEval_97.py: 0.000058s
HumanEval_98.py: 0.000151s
HumanEval_99.py: 0.000047s
HumanEval_100.py: 0.000093s
HumanEval_101.py: 0.000245s
HumanEval_102.py: 0.000044s
HumanEval_103.py: 0.000374s
HumanEval_104.py: 0.000337s
HumanEval_105.py: 0.000155s
HumanEval_106.py: 0.000158s
HumanEval_107.py: 0.000955s
HumanEval_109.py: 0.000064s
HumanEval_110.py: 0.000240s
HumanEval_111.py: 0.000663s
HumanEval_112.py: 0.000244s
HumanEval_113.py: 0.000212s
HumanEval_114.py: 0.000434s
HumanEval_115.py: 0.000128s
HumanEval_116.py: 0.000479s
HumanEval_117.py: 0.000668s
HumanEval_118.py: 0.000169s
HumanEval_119.py: 0.000273s
HumanEval_120.py: 0.000141s
HumanEval_122.py: 0.000096s
HumanEval_123.py: 0.000196s
HumanEval_124.py: 0.000216s
HumanEval_125.py: 0.000250s
HumanEval_126.py: 0.000704s
HumanEval_127.py: 0.000146s
HumanEval_128.py: 0.000372s
HumanEval_130.py: 0.000377s
HumanEval_131.py: 0.000144s
HumanEval_133.py: 0.000491s
HumanEval_136.py: 0.000303s
HumanEval_137.py: 0.000162s
HumanEval_138.py: 0.000025s
HumanEval_139.py: 0.000078s
HumanEval_142.py: 0.000343s
HumanEval_143.py: 0.000397s
HumanEval_144.py: 0.000242s
HumanEval_147.py: 0.292474s
HumanEval_148.py: 0.000089s
HumanEval_149.py: 0.000262s
HumanEval_150.py: 0.000155s
HumanEval_151.py: 0.001012s
HumanEval_152.py: 0.000089s
HumanEval_153.py: 0.002014s
HumanEval_154.py: 0.000088s
HumanEval_155.py: 0.000369s
HumanEval_156.py: 0.000318s
HumanEval_157.py: 0.000195s
HumanEval_158.py: 0.001495s
HumanEval_159.py: 0.000048s
HumanEval_161.py: 0.000490s
HumanEval_162.py: 0.000084s
HumanEval_163.py: 0.000162s
