HumanEval_0.py: 0.000179s
HumanEval_1.py: 0.000227s
HumanEval_2.py: 0.000019s
HumanEval_3.py: 0.000045s
HumanEval_4.py: 0.000149s
HumanEval_5.py: 0.000078s
HumanEval_6.py: 0.000334s
HumanEval_7.py: 0.000046s
HumanEval_8.py: 0.000042s
HumanEval_9.py: 0.000061s
HumanEval_10.py: 0.000060s
HumanEval_11.py: 0.000120s
HumanEval_12.py: 0.000067s
HumanEval_13.py: 0.000028s
HumanEval_14.py: 0.000053s
HumanEval_15.py: 0.000099s
HumanEval_16.py: 0.000060s
HumanEval_17.py: 0.000108s
HumanEval_18.py: 0.000108s
HumanEval_19.py: 0.000207s
HumanEval_20.py: 0.000185s
HumanEval_21.py: 0.000130s
HumanEval_22.py: 0.000041s
HumanEval_23.py: 0.000015s
HumanEval_24.py: 0.000041s
HumanEval_25.py: 0.000227s
HumanEval_26.py: 0.000208s
HumanEval_27.py: 0.000025s
HumanEval_28.py: 0.000020s
HumanEval_29.py: 0.000044s
HumanEval_30.py: 0.000045s
HumanEval_31.py: 0.000147s
HumanEval_33.py: 0.000406s
HumanEval_34.py: 0.000015s
HumanEval_35.py: 0.000017s
HumanEval_36.py: 0.219039s
HumanEval_37.py: 0.000147s
HumanEval_38.py: 0.053571s
HumanEval_39.py: 0.012845s
HumanEval_40.py: 0.000241s
HumanEval_41.py: 0.000014s
HumanEval_42.py: 0.000033s
HumanEval_43.py: 0.000095s
HumanEval_44.py: 0.000265s
HumanEval_45.py: 0.000010s
HumanEval_46.py: 0.000115s
HumanEval_47.py: 0.000065s
HumanEval_48.py: 0.000027s
HumanEval_49.py: 0.000110s
HumanEval_50.py: 0.069487s
HumanEval_51.py: 0.000182s
HumanEval_52.py: 0.000118s
HumanEval_53.py: 0.005837s
HumanEval_54.py: 0.000057s
HumanEval_55.py: 0.000050s
HumanEval_56.py: 0.000156s
HumanEval_57.py: 0.000383s
HumanEval_58.py: 0.000059s
HumanEval_59.py: 0.000087s
HumanEval_60.py: 0.000018s
HumanEval_61.py: 0.000150s
HumanEval_62.py: 0.000078s
HumanEval_63.py: 0.000170s
HumanEval_64.py: 0.000182s
HumanEval_66.py: 0.000303s
HumanEval_67.py: 0.000077s
HumanEval_68.py: 0.000160s
HumanEval_69.py: 0.002045s
HumanEval_70.py: 0.000720s
HumanEval_71.py: 0.000091s
HumanEval_72.py: 0.000045s
HumanEval_73.py: 0.000088s
HumanEval_74.py: 0.000346s
HumanEval_76.py: 0.000053s
HumanEval_77.py: 0.000119s
HumanEval_78.py: 0.000179s
HumanEval_79.py: 0.000031s
HumanEval_80.py: 0.000156s
HumanEval_81.py: 0.000123s
HumanEval_82.py: 0.000142s
HumanEval_84.py: 0.000145s
HumanEval_85.py: 0.000083s
HumanEval_87.py: 0.000484s
HumanEval_88.py: 0.000086s
HumanEval_89.py: 0.001001s
HumanEval_90.py: 0.000095s
HumanEval_92.py: 0.000228s
HumanEval_94.py: 0.000988s
HumanEval_95.py: 0.000409s
HumanEval_96.py: 0.001273s
HumanEval_97.py: 0.000056s
HumanEval_98.py: 0.000158s
HumanEval_99.py: 0.000047s
HumanEval_100.py: 0.000094s
HumanEval_101.py: 0.000247s
HumanEval_102.py: 0.000044s
HumanEval_103.py: 0.000373s
HumanEval_104.py: 0.000345s
HumanEval_105.py: 0.000155s
HumanEval_106.py: 0.000160s
HumanEval_107.py: 0.000948s
HumanEval_109.py: 0.000066s
HumanEval_110.py: 0.000246s
HumanEval_111.py: 0.000648s
HumanEval_112.py: 0.000239s
HumanEval_113.py: 0.000210s
HumanEval_114.py: 0.000449s
HumanEval_115.py: 0.000132s
HumanEval_116.py: 0.000478s
HumanEval_117.py: 0.000684s
HumanEval_118.py: 0.000171s
HumanEval_119.py: 0.000263s
HumanEval_120.py: 0.000145s
HumanEval_122.py: 0.000097s
HumanEval_123.py: 0.000186s
HumanEval_124.py: 0.000208s
HumanEval_125.py: 0.000248s
HumanEval_126.py: 0.000690s
HumanEval_127.py: 0.000150s
HumanEval_128.py: 0.000365s
HumanEval_130.py: 0.000348s
HumanEval_131.py: 0.000142s
HumanEval_133.py: 0.000488s
HumanEval_136.py: 0.000294s
HumanEval_137.py: 0.000163s
HumanEval_138.py: 0.000024s
HumanEval_139.py: 0.000077s
HumanEval_142.py: 0.000340s
HumanEval_143.py: 0.000399s
HumanEval_144.py: 0.000245s
HumanEval_147.py: 0.291374s
HumanEval_148.py: 0.000084s
HumanEval_149.py: 0.000264s
HumanEval_150.py: 0.000155s
HumanEval_151.py: 0.000986s
HumanEval_152.py: 0.000087s
HumanEval_153.py: 0.002033s
HumanEval_154.py: 0.000086s
HumanEval_155.py: 0.000373s
HumanEval_156.py: 0.000321s
HumanEval_157.py: 0.000197s
HumanEval_158.py: 0.001492s
HumanEval_159.py: 0.000048s
HumanEval_161.py: 0.000471s
HumanEval_162.py: 0.000084s
HumanEval_163.py: 0.000163s
