HumanEval_0.py: 0.009370s
Mbpp_3.py: 0.000394s
Mbpp_4.py: 0.001031s
HumanEval_4.py: 0.009060s
HumanEval_9.py: 0.003284s
Mbpp_9.py: 0.001953s
Mbpp_11.py: 0.000133s
Mbpp_12.py: 0.005679s
HumanEval_16.py: 0.003587s
Mbpp_16.py: 0.000015s
Mbpp_19.py: 0.001528s
HumanEval_20.py: 0.001971s
HumanEval_24.py: 0.536548s
HumanEval_26.py: 0.004786s
HumanEval_31.py: 0.000160s
HumanEval_33.py: 0.005301s
HumanEval_34.py: 0.004664s
HumanEval_36.py: 0.069794s
HumanEval_37.py: 0.001771s
HumanEval_49.py: 0.000004s
HumanEval_51.py: 0.364597s
HumanEval_54.py: 0.006878s
HumanEval_58.py: 0.004933s
HumanEval_59.py: 0.000008s
Mbpp_62.py: 0.017873s
HumanEval_64.py: 0.326202s
HumanEval_74.py: 0.001438s
Mbpp_75.py: 0.000430s
HumanEval_85.py: 0.056426s
HumanEval_86.py: 0.470958s
HumanEval_87.py: 0.012128s
Mbpp_88.py: 0.007829s
HumanEval_89.py: 1.445179s
HumanEval_90.py: 0.003113s
Mbpp_90.py: 0.001660s
Mbpp_94.py: 0.002912s
Mbpp_96.py: 0.042478s
Mbpp_97.py: 0.001618s
Mbpp_106.py: 0.000849s
HumanEval_113.py: 1.520948s
HumanEval_119.py: 0.000650s
HumanEval_120.py: 0.000040s
HumanEval_121.py: 0.014096s
Mbpp_123.py: 0.246488s
Mbpp_128.py: 0.072314s
Mbpp_129.py: 0.015460s
Mbpp_130.py: 0.001407s
Mbpp_137.py: 0.027312s
Mbpp_141.py: 0.000640s
HumanEval_149.py: 0.074482s
Mbpp_166.py: 0.117451s
Mbpp_170.py: 0.018904s
Mbpp_226.py: 0.001278s
Mbpp_230.py: 0.000327s
Mbpp_239.py: 0.051759s
Mbpp_240.py: 0.001555s
Mbpp_251.py: 0.010738s
Mbpp_256.py: 0.001525s
Mbpp_265.py: 0.043594s
Mbpp_281.py: 0.000769s
Mbpp_296.py: 4.818050s
Mbpp_392.py: 0.000176s
Mbpp_395.py: 0.003354s
Mbpp_405.py: 0.000202s
Mbpp_414.py: 0.000474s
Mbpp_421.py: 0.048752s
Mbpp_424.py: 0.000190s
Mbpp_425.py: 0.003015s
Mbpp_428.py: 0.005853s
Mbpp_433.py: 0.017028s
Mbpp_437.py: 0.001275s
Mbpp_440.py: 0.000025s
Mbpp_446.py: 0.356661s
Mbpp_451.py: 0.005679s
Mbpp_456.py: 0.013128s
Mbpp_460.py: 0.001832s
Mbpp_474.py: 0.000201s
Mbpp_476.py: 0.023110s
Mbpp_477.py: 0.000759s
Mbpp_563.py: 0.006990s
Mbpp_572.py: 0.001039s
Mbpp_578.py: 0.005725s
Mbpp_586.py: 0.000396s
Mbpp_587.py: 0.001376s
Mbpp_588.py: 0.029777s
Mbpp_597.py: 0.025331s
Mbpp_604.py: 0.016424s
Mbpp_611.py: 0.003570s
Mbpp_631.py: 0.001392s
Mbpp_632.py: 0.002586s
Mbpp_633.py: 0.023412s
Mbpp_644.py: 0.008325s
Mbpp_720.py: 0.010993s
Mbpp_725.py: 0.027229s
Mbpp_740.py: 0.002003s
Mbpp_744.py: 0.008109s
Mbpp_750.py: 0.014799s
Mbpp_753.py: 0.083964s
Mbpp_755.py: 0.005913s
Mbpp_757.py: 0.004285s
Mbpp_758.py: 0.004543s
Mbpp_760.py: 0.000136s
Mbpp_764.py: 0.583482s
Mbpp_766.py: 0.119540s
Mbpp_775.py: 0.195544s
Mbpp_781.py: 5.595401s
Mbpp_800.py: 0.001275s
Mbpp_805.py: 0.005848s
Mbpp_808.py: 0.001652s
