HumanEval_0.py: 0.009339s
Mbpp_3.py: 0.000398s
Mbpp_4.py: 0.001054s
HumanEval_4.py: 0.009096s
HumanEval_9.py: 0.003283s
Mbpp_9.py: 0.001879s
Mbpp_11.py: 0.000133s
Mbpp_12.py: 0.005540s
HumanEval_16.py: 0.003652s
Mbpp_16.py: 0.000015s
Mbpp_19.py: 0.001599s
HumanEval_20.py: 0.001952s
HumanEval_24.py: 0.539636s
HumanEval_26.py: 0.004765s
HumanEval_31.py: 0.000156s
HumanEval_33.py: 0.005374s
HumanEval_34.py: 0.004934s
HumanEval_36.py: 0.068009s
HumanEval_37.py: 0.001869s
HumanEval_49.py: 0.000004s
HumanEval_51.py: 0.363277s
HumanEval_54.py: 0.006941s
HumanEval_58.py: 0.005035s
HumanEval_59.py: 0.000008s
Mbpp_62.py: 0.019957s
HumanEval_64.py: 0.326622s
HumanEval_74.py: 0.001475s
Mbpp_75.py: 0.000444s
HumanEval_85.py: 0.055101s
HumanEval_86.py: 0.470894s
HumanEval_87.py: 0.012229s
Mbpp_88.py: 0.007803s
HumanEval_89.py: 1.434752s
HumanEval_90.py: 0.003125s
Mbpp_90.py: 0.001646s
Mbpp_94.py: 0.002964s
Mbpp_96.py: 0.043038s
Mbpp_97.py: 0.001636s
Mbpp_106.py: 0.000837s
HumanEval_113.py: 1.507752s
HumanEval_119.py: 0.000623s
HumanEval_120.py: 0.000039s
HumanEval_121.py: 0.013810s
Mbpp_123.py: 0.250340s
Mbpp_128.py: 0.071356s
Mbpp_129.py: 0.014600s
Mbpp_130.py: 0.001430s
Mbpp_137.py: 0.027714s
Mbpp_141.py: 0.000614s
HumanEval_149.py: 0.074107s
Mbpp_166.py: 0.115504s
Mbpp_170.py: 0.019929s
Mbpp_226.py: 0.001271s
Mbpp_230.py: 0.000324s
Mbpp_239.py: 0.051515s
Mbpp_240.py: 0.001539s
Mbpp_251.py: 0.010477s
Mbpp_256.py: 0.001519s
Mbpp_265.py: 0.040235s
Mbpp_281.py: 0.000758s
Mbpp_296.py: 4.815261s
Mbpp_392.py: 0.000199s
Mbpp_395.py: 0.003499s
Mbpp_405.py: 0.000200s
Mbpp_414.py: 0.000517s
Mbpp_421.py: 0.048848s
Mbpp_424.py: 0.000207s
Mbpp_425.py: 0.003015s
Mbpp_428.py: 0.005759s
Mbpp_433.py: 0.015362s
Mbpp_437.py: 0.001275s
Mbpp_440.py: 0.000025s
Mbpp_446.py: 0.357790s
Mbpp_451.py: 0.005549s
Mbpp_456.py: 0.013185s
Mbpp_460.py: 0.001872s
Mbpp_474.py: 0.000206s
Mbpp_476.py: 0.025611s
Mbpp_477.py: 0.000759s
Mbpp_563.py: 0.006990s
Mbpp_572.py: 0.001047s
Mbpp_578.py: 0.006034s
Mbpp_586.py: 0.000404s
Mbpp_587.py: 0.001379s
Mbpp_588.py: 0.030847s
Mbpp_597.py: 0.025285s
Mbpp_604.py: 0.016041s
Mbpp_611.py: 0.003530s
Mbpp_631.py: 0.001389s
Mbpp_632.py: 0.002605s
Mbpp_633.py: 0.023821s
Mbpp_644.py: 0.008289s
Mbpp_720.py: 0.010279s
Mbpp_725.py: 0.028411s
Mbpp_740.py: 0.002032s
Mbpp_744.py: 0.008181s
Mbpp_750.py: 0.015702s
Mbpp_753.py: 0.085693s
Mbpp_755.py: 0.006173s
Mbpp_757.py: 0.004294s
Mbpp_758.py: 0.004465s
Mbpp_760.py: 0.000135s
Mbpp_764.py: 0.590711s
Mbpp_766.py: 0.125891s
Mbpp_775.py: 0.196333s
Mbpp_781.py: 5.590398s
Mbpp_800.py: 0.001267s
Mbpp_805.py: 0.005838s
Mbpp_808.py: 0.001879s
