HumanEval_0.py: 0.009343s
Mbpp_3.py: 0.000410s
Mbpp_4.py: 0.000998s
HumanEval_4.py: 0.008666s
HumanEval_9.py: 0.003106s
Mbpp_9.py: 0.002284s
Mbpp_11.py: 0.000124s
Mbpp_12.py: 0.005274s
HumanEval_16.py: 0.003554s
Mbpp_16.py: 0.000015s
Mbpp_19.py: 0.001573s
HumanEval_20.py: 0.001844s
HumanEval_24.py: 0.515970s
HumanEval_26.py: 0.004995s
HumanEval_31.py: 0.000156s
HumanEval_33.py: 0.005599s
HumanEval_34.py: 0.004953s
HumanEval_36.py: 0.066564s
HumanEval_37.py: 0.001976s
HumanEval_49.py: 0.000004s
HumanEval_51.py: 0.352755s
HumanEval_54.py: 0.006894s
HumanEval_58.py: 0.004934s
HumanEval_59.py: 0.000008s
Mbpp_62.py: 0.019132s
HumanEval_64.py: 0.327114s
HumanEval_74.py: 0.001427s
Mbpp_75.py: 0.000437s
HumanEval_85.py: 0.055592s
HumanEval_86.py: 0.472556s
HumanEval_87.py: 0.012127s
Mbpp_88.py: 0.007806s
HumanEval_89.py: 1.430317s
HumanEval_90.py: 0.002754s
Mbpp_90.py: 0.001634s
Mbpp_94.py: 0.002785s
Mbpp_96.py: 0.044352s
Mbpp_97.py: 0.001633s
Mbpp_106.py: 0.000904s
HumanEval_113.py: 1.508743s
HumanEval_119.py: 0.000632s
HumanEval_120.py: 0.000039s
HumanEval_121.py: 0.013453s
Mbpp_123.py: 0.247187s
Mbpp_128.py: 0.072973s
Mbpp_129.py: 0.015590s
Mbpp_130.py: 0.001429s
Mbpp_137.py: 0.030137s
Mbpp_141.py: 0.000670s
HumanEval_149.py: 0.085207s
Mbpp_166.py: 0.122408s
Mbpp_170.py: 0.023018s
Mbpp_226.py: 0.001283s
Mbpp_230.py: 0.000329s
Mbpp_239.py: 0.052069s
Mbpp_240.py: 0.001555s
Mbpp_251.py: 0.010668s
Mbpp_256.py: 0.001561s
Mbpp_265.py: 0.040660s
Mbpp_281.py: 0.000759s
Mbpp_296.py: 4.860085s
Mbpp_392.py: 0.000174s
Mbpp_395.py: 0.003464s
Mbpp_405.py: 0.000199s
Mbpp_414.py: 0.000485s
Mbpp_421.py: 0.049148s
Mbpp_424.py: 0.000185s
Mbpp_425.py: 0.002972s
Mbpp_428.py: 0.005786s
Mbpp_433.py: 0.017616s
Mbpp_437.py: 0.001299s
Mbpp_440.py: 0.000025s
Mbpp_446.py: 0.355929s
Mbpp_451.py: 0.005680s
Mbpp_456.py: 0.013206s
Mbpp_460.py: 0.002571s
Mbpp_474.py: 0.000186s
Mbpp_476.py: 0.023447s
Mbpp_477.py: 0.000758s
Mbpp_563.py: 0.006981s
Mbpp_572.py: 0.001040s
Mbpp_578.py: 0.005976s
Mbpp_586.py: 0.000393s
Mbpp_587.py: 0.001413s
Mbpp_588.py: 0.030097s
Mbpp_597.py: 0.025352s
Mbpp_604.py: 0.015060s
Mbpp_611.py: 0.003716s
Mbpp_631.py: 0.001391s
Mbpp_632.py: 0.002662s
Mbpp_633.py: 0.023807s
Mbpp_644.py: 0.008498s
Mbpp_720.py: 0.010521s
Mbpp_725.py: 0.027844s
Mbpp_740.py: 0.001979s
Mbpp_744.py: 0.008523s
Mbpp_750.py: 0.020064s
Mbpp_753.py: 0.084319s
Mbpp_755.py: 0.006075s
Mbpp_757.py: 0.004499s
Mbpp_758.py: 0.005074s
Mbpp_760.py: 0.000136s
Mbpp_764.py: 0.588173s
Mbpp_766.py: 0.132479s
Mbpp_775.py: 0.196102s
Mbpp_781.py: 5.791551s
Mbpp_800.py: 0.001270s
Mbpp_805.py: 0.005851s
Mbpp_808.py: 0.001690s
