HumanEval_0.py: 0.009298s
Mbpp_3.py: 0.000404s
Mbpp_4.py: 0.001053s
HumanEval_4.py: 0.009068s
HumanEval_9.py: 0.003266s
Mbpp_9.py: 0.001935s
Mbpp_11.py: 0.000134s
Mbpp_12.py: 0.005735s
HumanEval_16.py: 0.003687s
Mbpp_16.py: 0.000015s
Mbpp_19.py: 0.001574s
HumanEval_20.py: 0.001972s
HumanEval_24.py: 0.537889s
HumanEval_26.py: 0.004883s
HumanEval_31.py: 0.000155s
HumanEval_33.py: 0.005447s
HumanEval_34.py: 0.005030s
HumanEval_36.py: 0.070160s
HumanEval_37.py: 0.001964s
HumanEval_49.py: 0.000004s
HumanEval_51.py: 0.369339s
HumanEval_54.py: 0.006934s
HumanEval_58.py: 0.005166s
HumanEval_59.py: 0.000008s
Mbpp_62.py: 0.022954s
HumanEval_64.py: 0.323905s
HumanEval_74.py: 0.001429s
Mbpp_75.py: 0.000436s
HumanEval_85.py: 0.055973s
HumanEval_86.py: 0.474963s
HumanEval_87.py: 0.012308s
Mbpp_88.py: 0.007891s
HumanEval_89.py: 1.434709s
HumanEval_90.py: 0.003131s
Mbpp_90.py: 0.001655s
Mbpp_94.py: 0.002900s
Mbpp_96.py: 0.044257s
Mbpp_97.py: 0.001612s
Mbpp_106.py: 0.000869s
HumanEval_113.py: 1.526875s
HumanEval_119.py: 0.000660s
HumanEval_120.py: 0.000039s
HumanEval_121.py: 0.013754s
Mbpp_123.py: 0.249391s
Mbpp_128.py: 0.072823s
Mbpp_129.py: 0.014499s
Mbpp_130.py: 0.001468s
Mbpp_137.py: 0.027559s
Mbpp_141.py: 0.000635s
HumanEval_149.py: 0.074293s
Mbpp_166.py: 0.118616s
Mbpp_170.py: 0.023089s
Mbpp_226.py: 0.001250s
Mbpp_230.py: 0.000324s
Mbpp_239.py: 0.051104s
Mbpp_240.py: 0.001526s
Mbpp_251.py: 0.011151s
Mbpp_256.py: 0.001526s
Mbpp_265.py: 0.041826s
Mbpp_281.py: 0.000762s
Mbpp_296.py: 4.815229s
Mbpp_392.py: 0.000172s
Mbpp_395.py: 0.003297s
Mbpp_405.py: 0.000200s
Mbpp_414.py: 0.000504s
Mbpp_421.py: 0.048245s
Mbpp_424.py: 0.000191s
Mbpp_425.py: 0.003090s
Mbpp_428.py: 0.005808s
Mbpp_433.py: 0.015436s
Mbpp_437.py: 0.001274s
Mbpp_440.py: 0.000025s
Mbpp_446.py: 0.357450s
Mbpp_451.py: 0.005675s
Mbpp_456.py: 0.013192s
Mbpp_460.py: 0.001857s
Mbpp_474.py: 0.000191s
Mbpp_476.py: 0.026094s
Mbpp_477.py: 0.000761s
Mbpp_563.py: 0.007015s
Mbpp_572.py: 0.001052s
Mbpp_578.py: 0.006044s
Mbpp_586.py: 0.000371s
Mbpp_587.py: 0.001333s
Mbpp_588.py: 0.029732s
Mbpp_597.py: 0.025014s
Mbpp_604.py: 0.016425s
Mbpp_611.py: 0.003582s
Mbpp_631.py: 0.001391s
Mbpp_632.py: 0.002572s
Mbpp_633.py: 0.023743s
Mbpp_644.py: 0.008401s
Mbpp_720.py: 0.010799s
Mbpp_725.py: 0.027262s
Mbpp_740.py: 0.001967s
Mbpp_744.py: 0.008232s
Mbpp_750.py: 0.015564s
Mbpp_753.py: 0.082884s
Mbpp_755.py: 0.006179s
Mbpp_757.py: 0.004390s
Mbpp_758.py: 0.004621s
Mbpp_760.py: 0.000127s
Mbpp_764.py: 0.581667s
Mbpp_766.py: 0.132825s
Mbpp_775.py: 0.194886s
Mbpp_781.py: 5.579655s
Mbpp_800.py: 0.001278s
Mbpp_805.py: 0.005778s
Mbpp_808.py: 0.001833s
