HumanEval_0.py: 0.009737s
Mbpp_3.py: 0.000408s
Mbpp_4.py: 0.001030s
HumanEval_4.py: 0.008966s
HumanEval_9.py: 0.003309s
Mbpp_9.py: 0.001895s
Mbpp_11.py: 0.000138s
Mbpp_12.py: 0.005791s
HumanEval_16.py: 0.003656s
Mbpp_16.py: 0.000016s
Mbpp_19.py: 0.001582s
HumanEval_20.py: 0.001951s
HumanEval_24.py: 0.540433s
HumanEval_26.py: 0.004893s
HumanEval_31.py: 0.000153s
HumanEval_33.py: 0.005367s
HumanEval_34.py: 0.005029s
HumanEval_36.py: 0.068474s
HumanEval_37.py: 0.001914s
HumanEval_49.py: 0.000004s
HumanEval_51.py: 0.361429s
HumanEval_54.py: 0.006989s
HumanEval_58.py: 0.005039s
HumanEval_59.py: 0.000008s
Mbpp_62.py: 0.019459s
HumanEval_64.py: 0.350103s
HumanEval_74.py: 0.001391s
Mbpp_75.py: 0.000439s
HumanEval_85.py: 0.055966s
HumanEval_86.py: 0.471048s
HumanEval_87.py: 0.012176s
Mbpp_88.py: 0.007809s
HumanEval_89.py: 1.457860s
HumanEval_90.py: 0.003195s
Mbpp_90.py: 0.001739s
Mbpp_94.py: 0.002894s
Mbpp_96.py: 0.044895s
Mbpp_97.py: 0.001621s
Mbpp_106.py: 0.000835s
HumanEval_113.py: 1.547730s
HumanEval_119.py: 0.000639s
HumanEval_120.py: 0.000039s
HumanEval_121.py: 0.014053s
Mbpp_123.py: 0.250470s
Mbpp_128.py: 0.072699s
Mbpp_129.py: 0.014818s
Mbpp_130.py: 0.001409s
Mbpp_137.py: 0.027818s
Mbpp_141.py: 0.000610s
HumanEval_149.py: 0.074927s
Mbpp_166.py: 0.116607s
Mbpp_170.py: 0.019709s
Mbpp_226.py: 0.001284s
Mbpp_230.py: 0.000329s
Mbpp_239.py: 0.052228s
Mbpp_240.py: 0.001559s
Mbpp_251.py: 0.010706s
Mbpp_256.py: 0.001511s
Mbpp_265.py: 0.043767s
Mbpp_281.py: 0.000758s
Mbpp_296.py: 4.802702s
Mbpp_392.py: 0.000169s
Mbpp_395.py: 0.003264s
Mbpp_405.py: 0.000208s
Mbpp_414.py: 0.000489s
Mbpp_421.py: 0.049044s
Mbpp_424.py: 0.000188s
Mbpp_425.py: 0.003030s
Mbpp_428.py: 0.005762s
Mbpp_433.py: 0.016950s
Mbpp_437.py: 0.001301s
Mbpp_440.py: 0.000023s
Mbpp_446.py: 0.358036s
Mbpp_451.py: 0.005677s
Mbpp_456.py: 0.013248s
Mbpp_460.py: 0.001837s
Mbpp_474.py: 0.000200s
Mbpp_476.py: 0.023113s
Mbpp_477.py: 0.000763s
Mbpp_563.py: 0.007222s
Mbpp_572.py: 0.001104s
Mbpp_578.py: 0.006128s
Mbpp_586.py: 0.000397s
Mbpp_587.py: 0.001408s
Mbpp_588.py: 0.029490s
Mbpp_597.py: 0.026365s
Mbpp_604.py: 0.015991s
Mbpp_611.py: 0.003569s
Mbpp_631.py: 0.001422s
Mbpp_632.py: 0.002620s
Mbpp_633.py: 0.023808s
Mbpp_644.py: 0.008286s
Mbpp_720.py: 0.010596s
Mbpp_725.py: 0.024201s
Mbpp_740.py: 0.002032s
Mbpp_744.py: 0.008187s
Mbpp_750.py: 0.014841s
Mbpp_753.py: 0.086735s
Mbpp_755.py: 0.005837s
Mbpp_757.py: 0.004378s
Mbpp_758.py: 0.004438s
Mbpp_760.py: 0.000139s
Mbpp_764.py: 0.582231s
Mbpp_766.py: 0.140824s
Mbpp_775.py: 0.197832s
Mbpp_781.py: 5.584587s
Mbpp_800.py: 0.001268s
Mbpp_805.py: 0.005790s
Mbpp_808.py: 0.001678s
