HumanEval_0.py: 0.009422s
Mbpp_3.py: 0.000404s
Mbpp_4.py: 0.001021s
HumanEval_4.py: 0.009123s
HumanEval_9.py: 0.003228s
Mbpp_9.py: 0.001900s
Mbpp_11.py: 0.000127s
Mbpp_12.py: 0.005658s
HumanEval_16.py: 0.003658s
Mbpp_16.py: 0.000016s
Mbpp_19.py: 0.001510s
HumanEval_20.py: 0.001953s
HumanEval_24.py: 0.528274s
HumanEval_26.py: 0.004509s
HumanEval_31.py: 0.000168s
HumanEval_33.py: 0.005153s
HumanEval_34.py: 0.004868s
HumanEval_36.py: 0.068117s
HumanEval_37.py: 0.001795s
HumanEval_49.py: 0.000003s
HumanEval_51.py: 0.352294s
HumanEval_54.py: 0.006714s
HumanEval_58.py: 0.004799s
HumanEval_59.py: 0.000008s
Mbpp_62.py: 0.018261s
HumanEval_64.py: 0.312628s
HumanEval_74.py: 0.001339s
Mbpp_75.py: 0.000421s
HumanEval_85.py: 0.053673s
HumanEval_86.py: 0.454205s
HumanEval_87.py: 0.011788s
Mbpp_88.py: 0.007539s
HumanEval_89.py: 1.374377s
HumanEval_90.py: 0.002978s
Mbpp_90.py: 0.001631s
Mbpp_94.py: 0.002817s
Mbpp_96.py: 0.042107s
Mbpp_97.py: 0.001569s
Mbpp_106.py: 0.000798s
HumanEval_113.py: 1.472016s
HumanEval_119.py: 0.000630s
HumanEval_120.py: 0.000037s
HumanEval_121.py: 0.013207s
Mbpp_123.py: 0.231856s
Mbpp_128.py: 0.070114s
Mbpp_129.py: 0.017098s
Mbpp_130.py: 0.001452s
Mbpp_137.py: 0.026579s
Mbpp_141.py: 0.000621s
HumanEval_149.py: 0.075168s
Mbpp_166.py: 0.111042s
Mbpp_170.py: 0.019063s
Mbpp_226.py: 0.001240s
Mbpp_230.py: 0.000311s
Mbpp_239.py: 0.049368s
Mbpp_240.py: 0.001456s
Mbpp_251.py: 0.010245s
Mbpp_256.py: 0.001503s
Mbpp_265.py: 0.038171s
Mbpp_281.py: 0.000737s
Mbpp_296.py: 4.611104s
Mbpp_392.py: 0.000172s
Mbpp_395.py: 0.003174s
Mbpp_405.py: 0.000192s
Mbpp_414.py: 0.000470s
Mbpp_421.py: 0.046944s
Mbpp_424.py: 0.000193s
Mbpp_425.py: 0.002946s
Mbpp_428.py: 0.005477s
Mbpp_433.py: 0.023728s
Mbpp_437.py: 0.001368s
Mbpp_440.py: 0.000025s
Mbpp_446.py: 0.348376s
Mbpp_451.py: 0.005335s
Mbpp_456.py: 0.013286s
Mbpp_460.py: 0.001760s
Mbpp_474.py: 0.000191s
Mbpp_476.py: 0.039349s
Mbpp_477.py: 0.000735s
Mbpp_563.py: 0.007406s
Mbpp_572.py: 0.001018s
Mbpp_578.py: 0.005832s
Mbpp_586.py: 0.000343s
Mbpp_587.py: 0.001303s
Mbpp_588.py: 0.028842s
Mbpp_597.py: 0.025049s
Mbpp_604.py: 0.017793s
Mbpp_611.py: 0.003606s
Mbpp_631.py: 0.001321s
Mbpp_632.py: 0.002647s
Mbpp_633.py: 0.023170s
Mbpp_644.py: 0.009234s
Mbpp_720.py: 0.011424s
Mbpp_725.py: 0.029179s
Mbpp_740.py: 0.002033s
Mbpp_744.py: 0.008027s
Mbpp_750.py: 0.014520s
Mbpp_753.py: 0.079490s
Mbpp_755.py: 0.005919s
Mbpp_757.py: 0.004218s
Mbpp_758.py: 0.004397s
Mbpp_760.py: 0.000145s
Mbpp_764.py: 0.558204s
Mbpp_766.py: 0.129541s
Mbpp_775.py: 0.189863s
Mbpp_781.py: 5.382369s
Mbpp_800.py: 0.001298s
Mbpp_805.py: 0.006099s
Mbpp_808.py: 0.001637s
