HumanEval_0.py: 0.009886s
Mbpp_3.py: 0.000400s
Mbpp_4.py: 0.001045s
HumanEval_4.py: 0.009242s
HumanEval_9.py: 0.003232s
Mbpp_9.py: 0.001897s
Mbpp_11.py: 0.000134s
Mbpp_12.py: 0.005567s
HumanEval_16.py: 0.003668s
Mbpp_16.py: 0.000015s
Mbpp_19.py: 0.001560s
HumanEval_20.py: 0.001964s
HumanEval_24.py: 0.535551s
HumanEval_26.py: 0.004818s
HumanEval_31.py: 0.000158s
HumanEval_33.py: 0.005569s
HumanEval_34.py: 0.004944s
HumanEval_36.py: 0.068769s
HumanEval_37.py: 0.002000s
HumanEval_49.py: 0.000004s
HumanEval_51.py: 0.361778s
HumanEval_54.py: 0.006941s
HumanEval_58.py: 0.005044s
HumanEval_59.py: 0.000008s
Mbpp_62.py: 0.021351s
HumanEval_64.py: 0.323235s
HumanEval_74.py: 0.001492s
Mbpp_75.py: 0.000433s
HumanEval_85.py: 0.056271s
HumanEval_86.py: 0.473115s
HumanEval_87.py: 0.012046s
Mbpp_88.py: 0.007745s
HumanEval_89.py: 1.426236s
HumanEval_90.py: 0.003347s
Mbpp_90.py: 0.001677s
Mbpp_94.py: 0.002893s
Mbpp_96.py: 0.043328s
Mbpp_97.py: 0.001613s
Mbpp_106.py: 0.000836s
HumanEval_113.py: 1.518401s
HumanEval_119.py: 0.000662s
HumanEval_120.py: 0.000039s
HumanEval_121.py: 0.013942s
Mbpp_123.py: 0.246652s
Mbpp_128.py: 0.073097s
Mbpp_129.py: 0.015345s
Mbpp_130.py: 0.001454s
Mbpp_137.py: 0.027828s
Mbpp_141.py: 0.000624s
HumanEval_149.py: 0.075216s
Mbpp_166.py: 0.118119s
Mbpp_170.py: 0.020148s
Mbpp_226.py: 0.001281s
Mbpp_230.py: 0.000330s
Mbpp_239.py: 0.051203s
Mbpp_240.py: 0.001565s
Mbpp_251.py: 0.010690s
Mbpp_256.py: 0.001509s
Mbpp_265.py: 0.043453s
Mbpp_281.py: 0.000782s
Mbpp_296.py: 4.798464s
Mbpp_392.py: 0.000169s
Mbpp_395.py: 0.003316s
Mbpp_405.py: 0.000203s
Mbpp_414.py: 0.000487s
Mbpp_421.py: 0.048531s
Mbpp_424.py: 0.000198s
Mbpp_425.py: 0.003032s
Mbpp_428.py: 0.005767s
Mbpp_433.py: 0.016010s
Mbpp_437.py: 0.001281s
Mbpp_440.py: 0.000025s
Mbpp_446.py: 0.354681s
Mbpp_451.py: 0.005680s
Mbpp_456.py: 0.013232s
Mbpp_460.py: 0.001936s
Mbpp_474.py: 0.000203s
Mbpp_476.py: 0.026024s
Mbpp_477.py: 0.000759s
Mbpp_563.py: 0.006963s
Mbpp_572.py: 0.001044s
Mbpp_578.py: 0.005961s
Mbpp_586.py: 0.000379s
Mbpp_587.py: 0.001349s
Mbpp_588.py: 0.029055s
Mbpp_597.py: 0.025381s
Mbpp_604.py: 0.016087s
Mbpp_611.py: 0.003556s
Mbpp_631.py: 0.001395s
Mbpp_632.py: 0.002678s
Mbpp_633.py: 0.024030s
Mbpp_644.py: 0.008263s
Mbpp_720.py: 0.010322s
Mbpp_725.py: 0.027883s
Mbpp_740.py: 0.001988s
Mbpp_744.py: 0.008331s
Mbpp_750.py: 0.015314s
Mbpp_753.py: 0.083092s
Mbpp_755.py: 0.006124s
Mbpp_757.py: 0.004410s
Mbpp_758.py: 0.004489s
Mbpp_760.py: 0.000137s
Mbpp_764.py: 0.582032s
Mbpp_766.py: 0.121872s
Mbpp_775.py: 0.194850s
Mbpp_781.py: 5.580141s
Mbpp_800.py: 0.001300s
Mbpp_805.py: 0.005659s
Mbpp_808.py: 0.001835s
