HumanEval_0.py: 0.009098s
Mbpp_3.py: 6.424246s
Mbpp_4.py: 0.086589s
HumanEval_4.py: 0.008427s
HumanEval_9.py: 0.006029s
Mbpp_12.py: 2.303673s
HumanEval_16.py: 0.085364s
Mbpp_19.py: 0.001723s
HumanEval_20.py: 27.752976s
HumanEval_24.py: 0.974968s
HumanEval_31.py: 0.839213s
HumanEval_34.py: 0.003867s
HumanEval_37.py: 0.002981s
HumanEval_49.py: 0.001817s
HumanEval_51.py: 0.319346s
HumanEval_54.py: 0.036450s
HumanEval_58.py: 50.818470s
Mbpp_62.py: 0.029014s
HumanEval_74.py: 0.000721s
Mbpp_75.py: 0.000500s
HumanEval_85.py: 0.020752s
HumanEval_86.py: 0.432278s
HumanEval_87.py: 0.014013s
Mbpp_88.py: 0.003161s
HumanEval_89.py: 0.611612s
HumanEval_90.py: 0.002590s
Mbpp_90.py: 0.001047s
Mbpp_94.py: 0.002510s
Mbpp_97.py: 0.002024s
Mbpp_106.py: 0.000721s
Mbpp_108.py: 0.002022s
HumanEval_113.py: 1.829835s
HumanEval_120.py: 0.000033s
HumanEval_121.py: 0.009580s
Mbpp_123.py: 0.300217s
Mbpp_128.py: 0.064447s
Mbpp_129.py: 0.167444s
Mbpp_130.py: 3.481662s
Mbpp_137.py: 0.082461s
Mbpp_140.py: 1.508550s
Mbpp_141.py: 0.000619s
HumanEval_149.py: 0.036508s
Mbpp_166.py: 0.101719s
Mbpp_170.py: 0.029200s
Mbpp_226.py: 0.270447s
Mbpp_230.py: 0.035781s
Mbpp_239.py: 0.000844s
Mbpp_240.py: 0.001068s
Mbpp_251.py: 0.003472s
Mbpp_256.py: 1.793354s
Mbpp_265.py: 0.058671s
Mbpp_281.py: 0.000663s
Mbpp_296.py: 4.202153s
Mbpp_308.py: 0.035876s
Mbpp_392.py: 0.193198s
Mbpp_395.py: 0.124767s
Mbpp_405.py: 0.000176s
Mbpp_414.py: 0.000905s
Mbpp_421.py: 0.028160s
Mbpp_424.py: 0.000625s
Mbpp_425.py: 0.002570s
Mbpp_428.py: 0.005016s
Mbpp_433.py: 0.021147s
Mbpp_437.py: 0.295786s
Mbpp_446.py: 0.001042s
Mbpp_451.py: 0.004814s
Mbpp_456.py: 0.012005s
Mbpp_460.py: 0.001523s
Mbpp_474.py: 0.016805s
Mbpp_476.py: 0.023174s
Mbpp_477.py: 0.000657s
Mbpp_572.py: 0.816892s
Mbpp_578.py: 0.016180s
Mbpp_586.py: 0.000303s
Mbpp_587.py: 0.001110s
Mbpp_588.py: 0.206477s
Mbpp_597.py: 0.022366s
Mbpp_604.py: 0.014919s
Mbpp_610.py: 0.009784s
Mbpp_611.py: 0.003108s
Mbpp_631.py: 0.000333s
Mbpp_632.py: 0.001716s
Mbpp_633.py: 0.020388s
Mbpp_644.py: 0.003696s
Mbpp_720.py: 0.009861s
Mbpp_725.py: 0.045393s
Mbpp_740.py: 0.004273s
Mbpp_744.py: 0.129584s
Mbpp_750.py: 0.042381s
Mbpp_753.py: 0.070920s
Mbpp_754.py: 0.002445s
Mbpp_755.py: 0.005662s
Mbpp_757.py: 55.239407s
Mbpp_758.py: 0.005034s
Mbpp_760.py: 0.000438s
Mbpp_764.py: 0.199837s
Mbpp_766.py: 0.194787s
Mbpp_775.py: 0.122893s
Mbpp_777.py: 0.010353s
Mbpp_781.py: 4.812027s
Mbpp_800.py: 0.001095s
Mbpp_805.py: 0.005073s
Mbpp_808.py: 0.003649s
