HumanEval_0.py: 0.007175s
Mbpp_3.py: 5.801275s
Mbpp_4.py: 0.084767s
HumanEval_4.py: 0.008063s
HumanEval_9.py: 0.005761s
Mbpp_12.py: 2.355029s
HumanEval_16.py: 0.072755s
Mbpp_19.py: 0.001349s
HumanEval_20.py: 25.936843s
HumanEval_24.py: 0.971121s
HumanEval_31.py: 0.811121s
HumanEval_34.py: 0.003724s
HumanEval_37.py: 0.002742s
HumanEval_49.py: 0.001679s
HumanEval_51.py: 0.327697s
HumanEval_54.py: 0.036710s
HumanEval_58.py: 51.113044s
Mbpp_62.py: 0.029303s
HumanEval_74.py: 0.000686s
Mbpp_75.py: 0.000392s
HumanEval_85.py: 0.021052s
HumanEval_86.py: 0.426187s
HumanEval_87.py: 0.013380s
Mbpp_88.py: 0.002943s
HumanEval_89.py: 0.597493s
HumanEval_90.py: 0.002212s
Mbpp_90.py: 0.001081s
Mbpp_94.py: 0.002499s
Mbpp_97.py: 0.001848s
Mbpp_106.py: 0.000703s
Mbpp_108.py: 0.001931s
HumanEval_113.py: 1.787302s
HumanEval_120.py: 0.000035s
HumanEval_121.py: 0.009024s
Mbpp_123.py: 0.293489s
Mbpp_128.py: 0.076905s
Mbpp_129.py: 0.165650s
Mbpp_130.py: 3.304392s
Mbpp_137.py: 0.080828s
Mbpp_140.py: 1.497039s
Mbpp_141.py: 0.000632s
HumanEval_149.py: 0.036751s
Mbpp_166.py: 0.101580s
Mbpp_170.py: 0.029758s
Mbpp_226.py: 0.262435s
Mbpp_230.py: 0.034527s
Mbpp_239.py: 0.000819s
Mbpp_240.py: 0.001011s
Mbpp_251.py: 0.003520s
Mbpp_256.py: 1.775132s
Mbpp_265.py: 0.058551s
Mbpp_281.py: 0.000641s
Mbpp_296.py: 4.282164s
Mbpp_308.py: 0.035511s
Mbpp_392.py: 0.197458s
Mbpp_395.py: 0.129370s
Mbpp_405.py: 0.000191s
Mbpp_414.py: 0.001053s
Mbpp_421.py: 0.033232s
Mbpp_424.py: 0.000704s
Mbpp_425.py: 0.002846s
Mbpp_428.py: 0.005005s
Mbpp_433.py: 0.021177s
Mbpp_437.py: 0.295985s
Mbpp_446.py: 0.000999s
Mbpp_451.py: 0.005033s
Mbpp_456.py: 0.012251s
Mbpp_460.py: 0.001606s
Mbpp_474.py: 0.019157s
Mbpp_476.py: 0.023410s
Mbpp_477.py: 0.000660s
Mbpp_572.py: 0.824443s
Mbpp_578.py: 0.016494s
Mbpp_586.py: 0.000197s
Mbpp_587.py: 0.001217s
Mbpp_588.py: 0.205152s
Mbpp_597.py: 0.022563s
Mbpp_604.py: 0.015246s
Mbpp_610.py: 0.009457s
Mbpp_611.py: 0.003133s
Mbpp_631.py: 0.000361s
Mbpp_632.py: 0.001686s
Mbpp_633.py: 0.021292s
Mbpp_644.py: 0.003383s
Mbpp_720.py: 0.009272s
Mbpp_725.py: 0.039521s
Mbpp_740.py: 0.004027s
Mbpp_744.py: 0.132743s
Mbpp_750.py: 0.041828s
Mbpp_753.py: 0.072471s
Mbpp_754.py: 0.002431s
Mbpp_755.py: 0.005041s
Mbpp_757.py: 56.944335s
Mbpp_758.py: 0.005698s
Mbpp_760.py: 0.000478s
Mbpp_764.py: 0.209203s
Mbpp_766.py: 0.206379s
Mbpp_775.py: 0.130573s
Mbpp_777.py: 0.010845s
Mbpp_781.py: 5.197363s
Mbpp_800.py: 0.001160s
Mbpp_805.py: 0.005187s
Mbpp_808.py: 0.003686s
