HumanEval_0.py: 0.009154s
Mbpp_3.py: 5.787412s
Mbpp_4.py: 0.081377s
HumanEval_4.py: 0.007775s
HumanEval_9.py: 0.005631s
Mbpp_12.py: 2.270084s
HumanEval_16.py: 0.068842s
Mbpp_19.py: 0.001214s
HumanEval_20.py: 26.213680s
HumanEval_24.py: 0.985849s
HumanEval_31.py: 0.840213s
HumanEval_34.py: 0.004101s
HumanEval_37.py: 0.002906s
HumanEval_49.py: 0.001741s
HumanEval_51.py: 0.314241s
HumanEval_54.py: 0.036019s
HumanEval_58.py: 53.169182s
Mbpp_62.py: 0.036041s
HumanEval_74.py: 0.000959s
Mbpp_75.py: 0.000428s
HumanEval_85.py: 0.021524s
HumanEval_86.py: 0.445430s
HumanEval_87.py: 0.013676s
Mbpp_88.py: 0.003192s
HumanEval_89.py: 0.592477s
HumanEval_90.py: 0.002947s
Mbpp_90.py: 0.001053s
Mbpp_94.py: 0.002679s
Mbpp_97.py: 0.001924s
Mbpp_106.py: 0.000766s
Mbpp_108.py: 0.002001s
HumanEval_113.py: 1.828994s
HumanEval_120.py: 0.000032s
HumanEval_121.py: 0.009758s
Mbpp_123.py: 0.305142s
Mbpp_128.py: 0.065487s
Mbpp_129.py: 0.168362s
Mbpp_130.py: 3.443333s
Mbpp_137.py: 0.086192s
Mbpp_140.py: 1.571643s
Mbpp_141.py: 0.000626s
HumanEval_149.py: 0.036525s
Mbpp_166.py: 0.102569s
Mbpp_170.py: 0.027890s
Mbpp_226.py: 0.265289s
Mbpp_230.py: 0.035054s
Mbpp_239.py: 0.000829s
Mbpp_240.py: 0.001092s
Mbpp_251.py: 0.003425s
Mbpp_256.py: 1.793451s
Mbpp_265.py: 0.056911s
Mbpp_281.py: 0.000672s
Mbpp_296.py: 4.390169s
Mbpp_308.py: 0.043842s
Mbpp_392.py: 0.261309s
Mbpp_395.py: 0.128520s
Mbpp_405.py: 0.000183s
Mbpp_414.py: 0.000974s
Mbpp_421.py: 0.028897s
Mbpp_424.py: 0.000696s
Mbpp_425.py: 0.002740s
Mbpp_428.py: 0.005155s
Mbpp_433.py: 0.020721s
Mbpp_437.py: 0.308516s
Mbpp_446.py: 0.001050s
Mbpp_451.py: 0.005053s
Mbpp_456.py: 0.013120s
Mbpp_460.py: 0.001917s
Mbpp_474.py: 0.016695s
Mbpp_476.py: 0.025520s
Mbpp_477.py: 0.000697s
Mbpp_572.py: 0.835128s
Mbpp_578.py: 0.020830s
Mbpp_586.py: 0.000357s
Mbpp_587.py: 0.001460s
Mbpp_588.py: 0.226971s
Mbpp_597.py: 0.025890s
Mbpp_604.py: 0.015708s
Mbpp_610.py: 0.010536s
Mbpp_611.py: 0.003129s
Mbpp_631.py: 0.000301s
Mbpp_632.py: 0.001743s
Mbpp_633.py: 0.020463s
Mbpp_644.py: 0.003420s
Mbpp_720.py: 0.009477s
Mbpp_725.py: 0.039636s
Mbpp_740.py: 0.004003s
Mbpp_744.py: 0.130488s
Mbpp_750.py: 0.042884s
Mbpp_753.py: 0.071668s
Mbpp_754.py: 0.002443s
Mbpp_755.py: 0.005236s
Mbpp_757.py: 56.182159s
Mbpp_758.py: 0.005628s
Mbpp_760.py: 0.000525s
Mbpp_764.py: 0.213112s
Mbpp_766.py: 0.252185s
Mbpp_775.py: 0.131405s
Mbpp_777.py: 0.013271s
Mbpp_781.py: 5.216059s
Mbpp_800.py: 0.001166s
Mbpp_805.py: 0.005787s
Mbpp_808.py: 0.003664s
