HumanEval_0.py: 0.009124s
Mbpp_3.py: 5.811236s
Mbpp_4.py: 0.082208s
HumanEval_4.py: 0.007972s
HumanEval_9.py: 0.006061s
Mbpp_12.py: 2.228625s
HumanEval_16.py: 0.070183s
Mbpp_19.py: 0.001220s
HumanEval_20.py: 26.653988s
HumanEval_24.py: 0.998531s
HumanEval_31.py: 0.846048s
HumanEval_34.py: 0.004410s
HumanEval_37.py: 0.003165s
HumanEval_49.py: 0.001760s
HumanEval_51.py: 0.328535s
HumanEval_54.py: 0.037264s
HumanEval_58.py: 53.451417s
Mbpp_62.py: 0.037779s
HumanEval_74.py: 0.001006s
Mbpp_75.py: 0.000403s
HumanEval_85.py: 0.021375s
HumanEval_86.py: 0.435492s
HumanEval_87.py: 0.013925s
Mbpp_88.py: 0.003089s
HumanEval_89.py: 0.613971s
HumanEval_90.py: 0.002692s
Mbpp_90.py: 0.000695s
Mbpp_94.py: 0.002598s
Mbpp_97.py: 0.002017s
Mbpp_106.py: 0.000747s
Mbpp_108.py: 0.001937s
HumanEval_113.py: 1.806807s
HumanEval_120.py: 0.000034s
HumanEval_121.py: 0.009065s
Mbpp_123.py: 0.294639s
Mbpp_128.py: 0.062259s
Mbpp_129.py: 0.196279s
Mbpp_130.py: 3.463878s
Mbpp_137.py: 0.080795s
Mbpp_140.py: 1.499785s
Mbpp_141.py: 0.000625s
HumanEval_149.py: 0.037182s
Mbpp_166.py: 0.104619s
Mbpp_170.py: 0.027858s
Mbpp_226.py: 0.268796s
Mbpp_230.py: 0.035775s
Mbpp_239.py: 0.000862s
Mbpp_240.py: 0.001012s
Mbpp_251.py: 0.003802s
Mbpp_256.py: 1.788560s
Mbpp_265.py: 0.059890s
Mbpp_281.py: 0.000634s
Mbpp_296.py: 4.292917s
Mbpp_308.py: 0.036683s
Mbpp_392.py: 0.194628s
Mbpp_395.py: 0.125953s
Mbpp_405.py: 0.000191s
Mbpp_414.py: 0.001075s
Mbpp_421.py: 0.030320s
Mbpp_424.py: 0.000615s
Mbpp_425.py: 0.002665s
Mbpp_428.py: 0.005086s
Mbpp_433.py: 0.021477s
Mbpp_437.py: 0.300380s
Mbpp_446.py: 0.001074s
Mbpp_451.py: 0.004981s
Mbpp_456.py: 0.012349s
Mbpp_460.py: 0.001668s
Mbpp_474.py: 0.019249s
Mbpp_476.py: 0.023427s
Mbpp_477.py: 0.000668s
Mbpp_572.py: 0.811542s
Mbpp_578.py: 0.015990s
Mbpp_586.py: 0.000307s
Mbpp_587.py: 0.001130s
Mbpp_588.py: 0.213348s
Mbpp_597.py: 0.021945s
Mbpp_604.py: 0.014675s
Mbpp_610.py: 0.009778s
Mbpp_611.py: 0.004541s
Mbpp_631.py: 0.000351s
Mbpp_632.py: 0.001671s
Mbpp_633.py: 0.020615s
Mbpp_644.py: 0.003353s
Mbpp_720.py: 0.009540s
Mbpp_725.py: 0.041716s
Mbpp_740.py: 0.004027s
Mbpp_744.py: 0.128519s
Mbpp_750.py: 0.043388s
Mbpp_753.py: 0.071336s
Mbpp_754.py: 0.002595s
Mbpp_755.py: 0.005437s
Mbpp_757.py: 55.027840s
Mbpp_758.py: 0.005166s
Mbpp_760.py: 0.000441s
Mbpp_764.py: 0.202416s
Mbpp_766.py: 0.197844s
Mbpp_775.py: 0.124873s
Mbpp_777.py: 0.010378s
Mbpp_781.py: 5.048653s
Mbpp_800.py: 0.001107s
Mbpp_805.py: 0.005014s
Mbpp_808.py: 0.003574s
