HumanEval_0.py: 0.009171s
Mbpp_3.py: 5.841085s
Mbpp_4.py: 0.081662s
HumanEval_4.py: 0.007783s
HumanEval_9.py: 0.005644s
Mbpp_12.py: 2.322603s
HumanEval_16.py: 0.068963s
Mbpp_19.py: 0.001237s
HumanEval_20.py: 25.897377s
HumanEval_24.py: 0.998792s
HumanEval_31.py: 0.824949s
HumanEval_34.py: 0.003841s
HumanEval_37.py: 0.002866s
HumanEval_49.py: 0.001756s
HumanEval_51.py: 0.314594s
HumanEval_54.py: 0.036461s
HumanEval_58.py: 51.915038s
Mbpp_62.py: 0.033084s
HumanEval_74.py: 0.000919s
Mbpp_75.py: 0.000398s
HumanEval_85.py: 0.020924s
HumanEval_86.py: 0.434190s
HumanEval_87.py: 0.013614s
Mbpp_88.py: 0.003111s
HumanEval_89.py: 0.607499s
HumanEval_90.py: 0.003734s
Mbpp_90.py: 0.001412s
Mbpp_94.py: 0.002498s
Mbpp_97.py: 0.001860s
Mbpp_106.py: 0.000796s
Mbpp_108.py: 0.001912s
HumanEval_113.py: 1.791573s
HumanEval_120.py: 0.000033s
HumanEval_121.py: 0.008875s
Mbpp_123.py: 0.286702s
Mbpp_128.py: 0.061800s
Mbpp_129.py: 0.160441s
Mbpp_130.py: 3.305527s
Mbpp_137.py: 0.079976s
Mbpp_140.py: 1.508642s
Mbpp_141.py: 0.000619s
HumanEval_149.py: 0.035974s
Mbpp_166.py: 0.100857s
Mbpp_170.py: 0.026600s
Mbpp_226.py: 0.257084s
Mbpp_230.py: 0.035217s
Mbpp_239.py: 0.000839s
Mbpp_240.py: 0.000754s
Mbpp_251.py: 0.003296s
Mbpp_256.py: 1.742066s
Mbpp_265.py: 0.042659s
Mbpp_281.py: 0.000640s
Mbpp_296.py: 4.199540s
Mbpp_308.py: 0.035005s
Mbpp_392.py: 0.197477s
Mbpp_395.py: 0.125126s
Mbpp_405.py: 0.000176s
Mbpp_414.py: 0.000912s
Mbpp_421.py: 0.028492s
Mbpp_424.py: 0.000637s
Mbpp_425.py: 0.002612s
Mbpp_428.py: 0.005050s
Mbpp_433.py: 0.020340s
Mbpp_437.py: 0.294952s
Mbpp_446.py: 0.000998s
Mbpp_451.py: 0.004888s
Mbpp_456.py: 0.012565s
Mbpp_460.py: 0.001644s
Mbpp_474.py: 0.019729s
Mbpp_476.py: 0.021726s
Mbpp_477.py: 0.000660s
Mbpp_572.py: 0.816587s
Mbpp_578.py: 0.016244s
Mbpp_586.py: 0.000287s
Mbpp_587.py: 0.001101s
Mbpp_588.py: 0.209325s
Mbpp_597.py: 0.021995s
Mbpp_604.py: 0.015085s
Mbpp_610.py: 0.009830s
Mbpp_611.py: 0.003127s
Mbpp_631.py: 0.000332s
Mbpp_632.py: 0.001709s
Mbpp_633.py: 0.020984s
Mbpp_644.py: 0.003361s
Mbpp_720.py: 0.009244s
Mbpp_725.py: 0.042836s
Mbpp_740.py: 0.004023s
Mbpp_744.py: 0.131218s
Mbpp_750.py: 0.042193s
Mbpp_753.py: 0.071082s
Mbpp_754.py: 0.002353s
Mbpp_755.py: 0.005344s
Mbpp_757.py: 55.052149s
Mbpp_758.py: 0.004979s
Mbpp_760.py: 0.000433s
Mbpp_764.py: 0.202664s
Mbpp_766.py: 0.205137s
Mbpp_775.py: 0.130078s
Mbpp_777.py: 0.010935s
Mbpp_781.py: 5.008731s
Mbpp_800.py: 0.001094s
Mbpp_805.py: 0.005073s
Mbpp_808.py: 0.003637s
