HumanEval_0.py: 0.009203s
Mbpp_3.py: 5.796579s
Mbpp_4.py: 0.082519s
HumanEval_4.py: 0.007910s
HumanEval_9.py: 0.005699s
Mbpp_12.py: 2.301585s
HumanEval_16.py: 0.069289s
Mbpp_19.py: 0.001219s
HumanEval_20.py: 26.050840s
HumanEval_24.py: 0.959976s
HumanEval_31.py: 0.819509s
HumanEval_34.py: 0.004334s
HumanEval_37.py: 0.002885s
HumanEval_49.py: 0.001742s
HumanEval_51.py: 0.314885s
HumanEval_54.py: 0.037177s
HumanEval_58.py: 50.007858s
Mbpp_62.py: 0.031855s
HumanEval_74.py: 0.000757s
Mbpp_75.py: 0.000407s
HumanEval_85.py: 0.019951s
HumanEval_86.py: 0.427787s
HumanEval_87.py: 0.013512s
Mbpp_88.py: 0.003098s
HumanEval_89.py: 0.591887s
HumanEval_90.py: 0.002562s
Mbpp_90.py: 0.001064s
Mbpp_94.py: 0.002494s
Mbpp_97.py: 0.001832s
Mbpp_106.py: 0.000689s
Mbpp_108.py: 0.001932s
HumanEval_113.py: 1.770881s
HumanEval_120.py: 0.000043s
HumanEval_121.py: 0.009208s
Mbpp_123.py: 0.295490s
Mbpp_128.py: 0.061684s
Mbpp_129.py: 0.153998s
Mbpp_130.py: 3.299476s
Mbpp_137.py: 0.081158s
Mbpp_140.py: 1.517814s
Mbpp_141.py: 0.000631s
HumanEval_149.py: 0.036574s
Mbpp_166.py: 0.103460s
Mbpp_170.py: 0.027477s
Mbpp_226.py: 0.260632s
Mbpp_230.py: 0.035458s
Mbpp_239.py: 0.000841s
Mbpp_240.py: 0.001011s
Mbpp_251.py: 0.003540s
Mbpp_256.py: 1.794582s
Mbpp_265.py: 0.058301s
Mbpp_281.py: 0.000707s
Mbpp_296.py: 4.210367s
Mbpp_308.py: 0.036243s
Mbpp_392.py: 0.191441s
Mbpp_395.py: 0.123633s
Mbpp_405.py: 0.000175s
Mbpp_414.py: 0.000934s
Mbpp_421.py: 0.028240s
Mbpp_424.py: 0.000632s
Mbpp_425.py: 0.002551s
Mbpp_428.py: 0.005032s
Mbpp_433.py: 0.020245s
Mbpp_437.py: 0.296528s
Mbpp_446.py: 0.001064s
Mbpp_451.py: 0.004838s
Mbpp_456.py: 0.012249s
Mbpp_460.py: 0.001643s
Mbpp_474.py: 0.018890s
Mbpp_476.py: 0.021631s
Mbpp_477.py: 0.000661s
Mbpp_572.py: 0.817009s
Mbpp_578.py: 0.016039s
Mbpp_586.py: 0.000288s
Mbpp_587.py: 0.001085s
Mbpp_588.py: 0.208479s
Mbpp_597.py: 0.022168s
Mbpp_604.py: 0.015189s
Mbpp_610.py: 0.009303s
Mbpp_611.py: 0.003146s
Mbpp_631.py: 0.000319s
Mbpp_632.py: 0.001738s
Mbpp_633.py: 0.020494s
Mbpp_644.py: 0.003716s
Mbpp_720.py: 0.009731s
Mbpp_725.py: 0.042955s
Mbpp_740.py: 0.004134s
Mbpp_744.py: 0.130033s
Mbpp_750.py: 0.042036s
Mbpp_753.py: 0.071333s
Mbpp_754.py: 0.002430s
Mbpp_755.py: 0.005209s
Mbpp_757.py: 55.666489s
Mbpp_758.py: 0.005043s
Mbpp_760.py: 0.000458s
Mbpp_764.py: 0.199843s
Mbpp_766.py: 0.197150s
Mbpp_775.py: 0.128767s
Mbpp_777.py: 0.010801s
Mbpp_781.py: 5.038572s
Mbpp_800.py: 0.001163s
Mbpp_805.py: 0.005045s
Mbpp_808.py: 0.003588s
