HumanEval_0.py: 0.000175s
HumanEval_1.py: 0.000217s
HumanEval_2.py: 0.000018s
HumanEval_3.py: 0.000045s
HumanEval_4.py: 0.000147s
HumanEval_5.py: 0.000045s
HumanEval_6.py: 0.000200s
HumanEval_7.py: 0.000047s
HumanEval_8.py: 0.000043s
HumanEval_9.py: 0.000061s
HumanEval_10.py: 0.000067s
HumanEval_11.py: 0.000119s
HumanEval_12.py: 0.000046s
HumanEval_13.py: 0.000019s
HumanEval_14.py: 0.000054s
HumanEval_15.py: 0.000099s
HumanEval_16.py: 0.000062s
HumanEval_17.py: 0.000111s
HumanEval_18.py: 0.000181s
HumanEval_19.py: 0.000229s
HumanEval_20.py: 0.000179s
HumanEval_21.py: 0.000140s
HumanEval_22.py: 0.000039s
HumanEval_23.py: 0.000015s
HumanEval_24.py: 0.000043s
HumanEval_25.py: 0.000226s
HumanEval_26.py: 0.000204s
HumanEval_27.py: 0.000025s
HumanEval_28.py: 0.000020s
HumanEval_29.py: 0.000044s
HumanEval_30.py: 0.000043s
HumanEval_31.py: 0.000147s
HumanEval_35.py: 0.000017s
HumanEval_36.py: 0.240161s
HumanEval_37.py: 0.000147s
HumanEval_38.py: 0.054532s
HumanEval_39.py: 0.013646s
HumanEval_40.py: 0.000217s
HumanEval_41.py: 0.000013s
HumanEval_42.py: 0.000032s
HumanEval_43.py: 0.000114s
HumanEval_44.py: 0.000291s
HumanEval_45.py: 0.000011s
HumanEval_46.py: 0.000123s
HumanEval_47.py: 0.000068s
HumanEval_48.py: 0.000027s
HumanEval_49.py: 0.000108s
HumanEval_50.py: 0.069769s
HumanEval_51.py: 0.000139s
HumanEval_52.py: 0.000118s
HumanEval_53.py: 0.005777s
HumanEval_54.py: 0.000057s
HumanEval_55.py: 0.000049s
HumanEval_56.py: 0.000156s
HumanEval_57.py: 0.000299s
HumanEval_58.py: 0.000060s
HumanEval_59.py: 0.000079s
HumanEval_60.py: 0.000018s
HumanEval_61.py: 0.000157s
HumanEval_62.py: 0.000077s
HumanEval_63.py: 0.000175s
HumanEval_64.py: 0.000150s
HumanEval_66.py: 0.000304s
HumanEval_67.py: 0.000288s
HumanEval_68.py: 0.000227s
HumanEval_69.py: 0.001950s
HumanEval_70.py: 0.000707s
HumanEval_71.py: 0.000095s
HumanEval_72.py: 0.000043s
HumanEval_73.py: 0.000090s
HumanEval_74.py: 0.000347s
HumanEval_76.py: 0.000053s
HumanEval_77.py: 0.000102s
HumanEval_78.py: 0.000186s
HumanEval_79.py: 0.000031s
HumanEval_80.py: 0.000158s
HumanEval_81.py: 0.000124s
HumanEval_82.py: 0.000208s
HumanEval_83.py: 0.000029s
HumanEval_84.py: 0.000144s
HumanEval_85.py: 0.000083s
HumanEval_87.py: 0.000482s
HumanEval_88.py: 0.000088s
HumanEval_89.py: 0.001208s
HumanEval_90.py: 0.000108s
HumanEval_92.py: 0.000220s
HumanEval_94.py: 0.000991s
HumanEval_95.py: 0.000412s
HumanEval_96.py: 0.001294s
HumanEval_97.py: 0.000058s
HumanEval_98.py: 0.000135s
HumanEval_99.py: 0.000070s
HumanEval_100.py: 0.000093s
HumanEval_101.py: 0.000254s
HumanEval_102.py: 0.000029s
HumanEval_103.py: 0.000119s
HumanEval_104.py: 0.000343s
HumanEval_105.py: 0.000157s
HumanEval_106.py: 0.000169s
HumanEval_107.py: 0.000752s
HumanEval_109.py: 0.000109s
HumanEval_110.py: 0.000200s
HumanEval_111.py: 0.000656s
HumanEval_112.py: 0.000238s
HumanEval_113.py: 0.000176s
HumanEval_114.py: 0.000375s
HumanEval_115.py: 0.000130s
HumanEval_116.py: 0.000766s
HumanEval_117.py: 0.000672s
HumanEval_118.py: 0.000172s
HumanEval_119.py: 0.000269s
HumanEval_120.py: 0.000157s
HumanEval_121.py: 0.000135s
HumanEval_122.py: 0.000095s
HumanEval_123.py: 0.000119s
HumanEval_124.py: 0.000205s
HumanEval_126.py: 0.000908s
HumanEval_127.py: 0.000153s
HumanEval_128.py: 0.000729s
HumanEval_130.py: 0.001161s
HumanEval_131.py: 0.000147s
HumanEval_133.py: 0.000483s
HumanEval_136.py: 0.000304s
HumanEval_137.py: 0.000160s
HumanEval_138.py: 0.000025s
HumanEval_139.py: 0.000077s
HumanEval_140.py: 0.000164s
HumanEval_142.py: 0.000344s
HumanEval_143.py: 0.000396s
HumanEval_144.py: 0.000311s
HumanEval_147.py: 0.000559s
HumanEval_148.py: 0.000123s
HumanEval_149.py: 0.000258s
HumanEval_150.py: 0.000156s
HumanEval_151.py: 0.000984s
HumanEval_152.py: 0.000087s
HumanEval_153.py: 0.002152s
HumanEval_154.py: 0.000090s
HumanEval_155.py: 0.000368s
HumanEval_156.py: 0.000327s
HumanEval_157.py: 0.000213s
HumanEval_158.py: 0.000214s
HumanEval_159.py: 0.000074s
HumanEval_161.py: 0.000475s
HumanEval_162.py: 0.000107s
