HumanEval_0.py: 0.000175s
HumanEval_1.py: 0.000211s
HumanEval_2.py: 0.000021s
HumanEval_3.py: 0.000046s
HumanEval_4.py: 0.000148s
HumanEval_5.py: 0.000046s
HumanEval_6.py: 0.000199s
HumanEval_7.py: 0.000046s
HumanEval_8.py: 0.000043s
HumanEval_9.py: 0.000061s
HumanEval_10.py: 0.000069s
HumanEval_11.py: 0.000119s
HumanEval_12.py: 0.000046s
HumanEval_13.py: 0.000019s
HumanEval_14.py: 0.000055s
HumanEval_15.py: 0.000103s
HumanEval_16.py: 0.000060s
HumanEval_17.py: 0.000111s
HumanEval_18.py: 0.000183s
HumanEval_19.py: 0.000226s
HumanEval_20.py: 0.000183s
HumanEval_21.py: 0.000128s
HumanEval_22.py: 0.000041s
HumanEval_23.py: 0.000015s
HumanEval_24.py: 0.000042s
HumanEval_25.py: 0.000228s
HumanEval_26.py: 0.000202s
HumanEval_27.py: 0.000024s
HumanEval_28.py: 0.000020s
HumanEval_29.py: 0.000043s
HumanEval_30.py: 0.000045s
HumanEval_31.py: 0.000146s
HumanEval_35.py: 0.000017s
HumanEval_36.py: 0.239466s
HumanEval_37.py: 0.000143s
HumanEval_38.py: 0.054602s
HumanEval_39.py: 0.013593s
HumanEval_40.py: 0.000214s
HumanEval_41.py: 0.000014s
HumanEval_42.py: 0.000033s
HumanEval_43.py: 0.000114s
HumanEval_44.py: 0.000287s
HumanEval_45.py: 0.000010s
HumanEval_46.py: 0.000122s
HumanEval_47.py: 0.000066s
HumanEval_48.py: 0.000030s
HumanEval_49.py: 0.000094s
HumanEval_50.py: 0.070476s
HumanEval_51.py: 0.000136s
HumanEval_52.py: 0.000120s
HumanEval_53.py: 0.005865s
HumanEval_54.py: 0.000057s
HumanEval_55.py: 0.000051s
HumanEval_56.py: 0.000157s
HumanEval_57.py: 0.000301s
HumanEval_58.py: 0.000059s
HumanEval_59.py: 0.000079s
HumanEval_60.py: 0.000018s
HumanEval_61.py: 0.000157s
HumanEval_62.py: 0.000078s
HumanEval_63.py: 0.000175s
HumanEval_64.py: 0.000153s
HumanEval_66.py: 0.000303s
HumanEval_67.py: 0.000288s
HumanEval_68.py: 0.000230s
HumanEval_69.py: 0.001964s
HumanEval_70.py: 0.000717s
HumanEval_71.py: 0.000091s
HumanEval_72.py: 0.000045s
HumanEval_73.py: 0.000089s
HumanEval_74.py: 0.000343s
HumanEval_76.py: 0.000055s
HumanEval_77.py: 0.000103s
HumanEval_78.py: 0.000191s
HumanEval_79.py: 0.000032s
HumanEval_80.py: 0.000163s
HumanEval_81.py: 0.000123s
HumanEval_82.py: 0.000206s
HumanEval_83.py: 0.000029s
HumanEval_84.py: 0.000143s
HumanEval_85.py: 0.000081s
HumanEval_87.py: 0.000481s
HumanEval_88.py: 0.000091s
HumanEval_89.py: 0.001199s
HumanEval_90.py: 0.000109s
HumanEval_92.py: 0.000223s
HumanEval_94.py: 0.000981s
HumanEval_95.py: 0.000408s
HumanEval_96.py: 0.001315s
HumanEval_97.py: 0.000056s
HumanEval_98.py: 0.000133s
HumanEval_99.py: 0.000073s
HumanEval_100.py: 0.000093s
HumanEval_101.py: 0.000251s
HumanEval_102.py: 0.000029s
HumanEval_103.py: 0.000121s
HumanEval_104.py: 0.000359s
HumanEval_105.py: 0.000153s
HumanEval_106.py: 0.000171s
HumanEval_107.py: 0.000768s
HumanEval_109.py: 0.000109s
HumanEval_110.py: 0.000195s
HumanEval_111.py: 0.000641s
HumanEval_112.py: 0.000234s
HumanEval_113.py: 0.000171s
HumanEval_114.py: 0.000387s
HumanEval_115.py: 0.000136s
HumanEval_116.py: 0.000757s
HumanEval_117.py: 0.000657s
HumanEval_118.py: 0.000174s
HumanEval_119.py: 0.000271s
HumanEval_120.py: 0.000163s
HumanEval_121.py: 0.000135s
HumanEval_122.py: 0.000096s
HumanEval_123.py: 0.000120s
HumanEval_124.py: 0.000198s
HumanEval_126.py: 0.000908s
HumanEval_127.py: 0.000145s
HumanEval_128.py: 0.000723s
HumanEval_130.py: 0.001140s
HumanEval_131.py: 0.000146s
HumanEval_133.py: 0.000484s
HumanEval_136.py: 0.000296s
HumanEval_137.py: 0.000162s
HumanEval_138.py: 0.000025s
HumanEval_139.py: 0.000076s
HumanEval_140.py: 0.000164s
HumanEval_142.py: 0.000344s
HumanEval_143.py: 0.000394s
HumanEval_144.py: 0.000309s
HumanEval_147.py: 0.000557s
HumanEval_148.py: 0.000121s
HumanEval_149.py: 0.000255s
HumanEval_150.py: 0.000155s
HumanEval_151.py: 0.000985s
HumanEval_152.py: 0.000087s
HumanEval_153.py: 0.002178s
HumanEval_154.py: 0.000089s
HumanEval_155.py: 0.000372s
HumanEval_156.py: 0.000337s
HumanEval_157.py: 0.000215s
HumanEval_158.py: 0.000212s
HumanEval_159.py: 0.000076s
HumanEval_161.py: 0.000471s
HumanEval_162.py: 0.000080s
